3808.22524382 5769.13796116
3807.93107325 5775.94447163
3807.63073028 5782.71690366
3807.32271972 5789.45510047
3807.00554639 5796.1589053
3806.6777151 5802.82816138
3806.33773068 5809.46271196
3805.98409793 5816.06240026
3805.61532167 5822.62706951
3805.22990672 5829.15656296
3804.82635789 5835.65072384
3804.40317999 5842.10939537
3803.95887786 5848.5324208
3803.49195629 5854.91964336
3803.0009201 5861.27090629
3802.48427411 5867.58605281
3801.94052314 5873.86492617
3801.368172 5880.10736959
3800.76572551 5886.31322632
3800.13168848 5892.48233958
3799.46456572 5898.61455261
3798.76286206 5904.70970865
3798.0250823 5910.76765092
3797.24973127 5916.78822267
3796.43531377 5922.77126713
3795.58033464 5928.71662752
3794.68329867 5934.6241471
3793.74271068 5940.49366908
3792.7570755 5946.32503671
3791.72489794 5952.11809322
3790.6446828 5957.87268184
3789.51493491 5963.58864581
3788.33415909 5969.26582836
3787.10086014 5974.90407273
3785.81354289 5980.50322215
3784.47071215 5986.06311986
3783.07087273 5991.58360909
3781.61252945 5997.06453307
3780.09418713 6002.50573503
3778.51435058 6007.90705823
3776.87152461 6013.26834587
3775.16421405 6018.58944121
3773.3909237 6023.87018748
3771.55015839 6029.11042791
3769.64042293 6034.31000573
3767.66022213 6039.46876418
3765.60806081 6044.58654649
3763.48244378 6049.6631959
3761.28187587 6054.69855564
3759.00486188 6059.69246895
3756.64990663 6064.64477906
3754.21551494 6069.55532921
3751.70019163 6074.42396262
3749.10262563 6079.25053152
3746.4230675 6084.03496427
3743.6625547 6088.77722764
3740.82213073 6093.47728866
3737.90283907 6098.13511439
3734.90572322 6102.75067187
3731.83182667 6107.32392814
3728.68219291 6111.85485025
3725.45786542 6116.34340526
3722.1598877 6120.78956019
3718.78930324 6125.19328211
3715.34715553 6129.55453806
3711.83448805 6133.87329507
3708.2523443 6138.14952021
3704.60176777 6142.38318051
3700.88380195 6146.57424303
3697.09949033 6150.7226748
3693.24987639 6154.82844288
3689.33600363 6158.89151431
3685.35891555 6162.91185613
3681.31965562 6166.8894354
3677.21926734 6170.82421916
3673.0587942 6174.71617445
3668.83927968 6178.56526833
3664.56176729 6182.37146783
3660.22730051 6186.13474001
3655.83692282 6189.85505191
3651.39167773 6193.53237058
3646.89260872 6197.16666306
3642.34075927 6200.7578964
3637.73717289 6204.30603764
3633.08289305 6207.81105384
3628.37896326 6211.27291203
3623.626427 6214.69157927
3618.82632775 6218.0670226
3613.97970902 6221.39920907
3609.08761429 6224.68810572
3604.15108705 6227.9336796
3599.17117079 6231.13589775
3594.148909 6234.29472723
3589.08534518 6237.41013508
3583.9815228 6240.48208834
3578.83848537 6243.51055406
3573.65727637 6246.49549929
3568.43893929 6249.43689107
3563.18451762 6252.33469645
3557.89505485 6255.18888247
3552.57159448 6257.99941619
3547.21517999 6260.76626465
3541.82685487 6263.48939489
3536.40766261 6266.16877396
3530.95864671 6268.80436891
3525.48085065 6271.39614678
3519.97531792 6273.94407463
3514.44309201 6276.44811948
3508.88521642 6278.9082484
3503.30273463 6281.32442843
3497.69669014 6283.69662661
3492.06812643 6286.02480999
3486.41808699 6288.30894562
3480.74761532 6290.54900055
3475.0577549 6292.74494181
3469.34954922 6294.89673646
3463.62404178 6297.00435154
3457.88227606 6299.06775409
3452.12529556 6301.08691118
3446.35414376 6303.06178983
3440.56986416 6304.9923571
3434.77350024 6306.87858003
3428.9660955 6308.72042568
3423.14861092 6310.51786669
3417.32150873 6312.27090967
3411.48506466 6313.97957389
3405.6395541 6315.64387867
3399.78525247 6317.2638433
3393.92243516 6318.8394871
3388.05137758 6320.37082937
3382.17235513 6321.85788942
3376.28564322 6323.30068655
3370.39151725 6324.69924006
3364.49025262 6326.05356927
3358.58212475 6327.36369348
3352.66740902 6328.62963199
3346.74638085 6329.85140412
3340.81931564 6331.02902916
3334.88648879 6332.16252642
3328.94817571 6333.25191521
3323.0046518 6334.29721483
3317.05619246 6335.29844459
3311.1030731 6336.2556238
3305.14556912 6337.16877176
3299.18395592 6338.03790777
3293.21850892 6338.86305115
3287.24950351 6339.64422119
3281.27721509 6340.38143721
3275.30191907 6341.0747185
3269.32389086 6341.72408438
3263.34340586 6342.32955416
3257.36073946 6342.89114712
3251.37616708 6343.4088826
3245.38996412 6343.88277987
3239.40240598 6344.31285827
3233.41376807 6344.69913708
3227.42432579 6345.04163561
3221.43435454 6345.34037318
3215.44412973 6345.59536908
3209.45392676 6345.80664263
3203.46402103 6345.97421312
3197.47468795 6346.09809987
3191.48620293 6346.17832217
3185.49884136 6346.21489935
3179.51287865 6346.20785069
3173.5285902 6346.15719551
3167.54625142 6346.06295311
3161.56613771 6345.9251428
3155.58852448 6345.74378388
3149.61368712 6345.51889566
3143.64190104 6345.25049745
3137.67344165 6344.93860855
3131.70858435 6344.58324826
3125.74760455 6344.1844359
3119.79077764 6343.74219077
3113.83837903 6343.25653217
3107.89068412 6342.72747941
3101.94796832 6342.15505179
3096.01050704 6341.53926863
3090.07857567 6340.88014922
3084.15244961 6340.17771287
3078.23240429 6339.4319789
3072.31871508 6338.64296659
3066.41165741 6337.81069527
3060.51150667 6336.93518423
3054.61853827 6336.01645278
3048.73302761 6335.05452023
3042.8552501 6334.04940588
3036.98548113 6333.00112905
3031.12399612 6331.90970902
3025.27107046 6330.77516511
3019.42697957 6329.59751663
3013.59199883 6328.37678288
3007.76640367 6327.11298317
3001.95046948 6325.8061368
2996.14447166 6324.45626308
2990.34868562 6323.06338131
2984.56338676 6321.62751081
2978.78885048 6320.14867086
2973.0253522 6318.62688079
2967.27316731 6317.0621599
2961.53257122 6315.45452749
2955.80383933 6313.80400287
2950.08724704 6312.11060534
2944.38306977 6310.37435421
2938.6915829 6308.59526879
2933.01306185 6306.77336837
2927.34778202 6304.90867228
2921.69601881 6303.00119981
2916.05804763 6301.05097027
2910.43414388 6299.05800296
2904.82458297 6297.02231719
2899.22964029 6294.94393226
2893.64959126 6292.82286749
2888.08471127 6290.65914218
2882.53527573 6288.45277563
2877.00156004 6286.20378714
2871.48383961 6283.91219603
2865.98238984 6281.57802161
2860.49748613 6279.20128316
2855.02940389 6276.78200001
2849.57841853 6274.32019146
2844.14480544 6271.81587681
2838.72884002 6269.26907536
2833.3307977 6266.67980644
2827.95095385 6264.04808933
2822.5895839 6261.37394335
2817.24696324 6258.6573878
2811.92336728 6255.89844198
2806.61907142 6253.09712521
2801.33435107 6250.25345679
2796.06948162 6247.36745602
2790.82473849 6244.43914222
2785.60039707 6241.46853468
2780.39673278 6238.45565271
2775.21402101 6235.40051568
2770.05253929 6232.30320973
2764.9125713 6229.16401409
2759.79440183 6225.98324272
2754.69831563 6222.76120958
2749.6245975 6219.49822861
2744.57353221 6216.19461376
2739.54540454 6212.850679
2734.54049927 6209.46673827
2729.55910117 6206.04310553
2724.60149502 6202.58009473
2719.6679656 6199.07801982
2714.7587977 6195.53719476
2709.87427608 6191.95793349
2705.01468552 6188.34054998
2700.1803108 6184.68535818
2695.37143671 6180.99267203
2690.58834802 6177.26280549
2685.8313295 6173.49607252
2681.10066593 6169.69278706
2676.3966421 6165.85326307
2671.71954278 6161.97781451
2667.06965274 6158.06675532
2662.44725677 6154.12039946
2657.85263965 6150.13906089
2653.28608615 6146.12305355
2648.74788104 6142.07269139
2644.23830912 6137.98828838
2639.75765515 6133.87015846
2635.30620391 6129.71861559
2630.88424019 6125.53397372
2626.49204875 6121.3165468
2622.12991439 6117.06664879
2617.79812186 6112.78459363
2613.49695597 6108.47069529
2609.22670147 6104.12526771
2604.98764315 6099.74862486
2600.78006579 6095.34108067
2596.60425416 6090.9029491
2592.46049305 6086.43454412
2588.34906723 6081.93617966
2584.27026148 6077.40816969
2580.22436057 6072.85082815
2576.21164929 6068.264469
2572.23241241 6063.64940619
2568.28693471 6059.00595368
2564.37550097 6054.33442542
2560.49839597 6049.63513535
2556.65590448 6044.90839744
2552.84831129 6040.15452564
2549.07590116 6035.3738339
2545.33895888 6030.56663617
2541.63776923 6025.73324641
2537.97261699 6020.87397856
2534.34378692 6015.98914659
2530.75156382 6011.07906445
2527.19623245 6006.14404608
2523.6780776 6001.18440544
2520.19738405 5996.20045648
2516.75443656 5991.19251317
2513.34951993 5986.16088944
2509.98291892 5981.10589926
2506.65491832 5976.02785657
2503.3658029 5970.92707533
2500.11585745 5965.80386949
2496.90536673 5960.65855301
2493.73461553 5955.49143984
2490.60388863 5950.30284392
2487.5134708 5945.09307922
2484.46364682 5939.86245969
2481.45470147 5934.61129928
2478.48691953 5929.33991194
2475.56058577 5924.04861163
2472.67598498 5918.73771229
2469.83340193 5913.40752789
2467.03312139 5908.05837237
2464.27542816 5902.6905597
2461.56060699 5897.30440381
2458.88894268 5891.90021866
2456.26072 5886.47831822
2453.67622373 5881.03901642
2451.13573865 5875.58262722
2448.63954953 5870.10946459
2446.18794116 5864.61984246
2443.7811983 5859.11407479
2441.41960574 5853.59247554
2439.10344826 5848.05535865
2436.83301063 5842.50303809
2434.60857764 5836.9358278
2432.43043406 5831.35404174
2430.29886466 5825.75799386
2428.21415423 5820.14799811
2426.17658754 5814.52436845
2424.18644938 5808.88741882
2422.24402451 5803.23746319
2420.34959773 5797.5748155
2418.50345379 5791.89978971
2416.7058775 5786.21269977
2414.95715361 5780.51385964
2413.25756691 5774.80358326
2411.60740219 5769.0821846
2410.0069442 5763.34997759
2408.45647774 5757.6072762
2406.95628758 5751.85439438
2405.5066585 5746.09164609
2404.10787528 5740.31934527
2402.76022269 5734.53780587
2401.46398552 5728.74734186
2400.21944854 5722.94826718
2399.02689652 5717.14089579
2397.88661426 5711.32554163
2396.79888582 5705.50251864
2395.76385502 5699.67213401
2394.78135592 5693.83468007
2393.85118117 5687.99044721
2392.9731234 5682.13972578
2392.14697527 5676.28280614
2391.37252942 5670.41997867
2390.6495785 5664.55153372
2389.97791515 5658.67776165
2389.35733202 5652.79895284
2388.78762175 5646.91539764
2388.268577 5641.02738643
2387.79999041 5635.13520955
2387.38165461 5629.23915738
2387.01336227 5623.33952029
2386.69490602 5617.43658862
2386.42607852 5611.53065276
2386.2066724 5605.62200306
2386.03648031 5599.71092988
2385.9152949 5593.7977236
2385.84290882 5587.88267457
2385.81911471 5581.96607315
2385.84370521 5576.04820972
2385.91647298 5570.12937463
2386.03721066 5564.20985826
2386.20571089 5558.28995095
2386.42176632 5552.36994309
2386.6851696 5546.45012502
2386.99571337 5540.53078712
2387.35319028 5534.61221975
2387.75739298 5528.69471327
2388.2081141 5522.77855804
2388.7051463 5516.86404444
2389.24828223 5510.95146282
2389.83731452 5505.04110355
2390.47203583 5499.13325699
2391.15223879 5493.2282135
2391.87771607 5487.32626346
2392.64826029 5481.42769721
2393.46366412 5475.53280514
2394.32372019 5469.64187759
2395.22822114 5463.75520494
2396.17695964 5457.87307755
2397.16972831 5451.99578579
2398.20631982 5446.12362
2399.28652679 5440.25687057
2400.41014189 5434.39582785
2401.57695776 5428.54078221
2402.78676703 5422.69202402
2404.03936236 5416.84984362
2405.3345364 5411.0145314
2406.67208179 5405.18637771
2408.05179117 5399.36567292
2409.47345719 5393.55270739
2410.93687251 5387.74777148
2412.44182975 5381.95115556
2413.98812157 5376.16315
2415.57554062 5370.38404515
2417.20387955 5364.61413138
2418.87293098 5358.85369906
2420.58248759 5353.10303854
2422.332342 5347.3624402
2424.12228686 5341.63219439
2425.95211483 5335.91259148
2427.82161855 5330.20392183
2429.73059065 5324.50647581
2431.6788238 5318.82054379
2433.66611063 5313.14641611
2435.6922438 5307.48438316
2437.75701593 5301.83473529
2439.8602197 5296.19776286
2442.00164773 5290.57375625
2444.18109268 5284.96300581
2446.39834718 5279.36580191
2448.6532039 5273.78243491
2450.94545546 5268.21319517
2453.27489453 5262.65837307
2455.64131374 5257.11825896
2458.04450574 5251.5931432
2460.48426318 5246.08331617
2462.96037869 5240.58906822
2465.47264494 5235.11068973
2468.02085457 5229.64847104
2470.60480021 5224.20270253
2473.22427452 5218.77367456
2475.87907014 5213.3616775
2478.56897972 5207.9670017
2481.2937959 5202.58993754
2484.05331133 5197.23077537
2486.84731866 5191.88980556
2489.67561054 5186.56731847
2492.5379796 5181.26360448
2495.43421849 5175.97895393
2498.36411987 5170.7136572
2501.32747637 5165.46800465
2504.32408064 5160.24228664
2507.35372533 5155.03679353
2510.41620308 5149.8518157
2513.51130654 5144.6876435
2516.63882836 5139.5445673
2519.79856118 5134.42287746
2522.99029765 5129.32286435
2526.21383041 5124.24481833
2529.46895211 5119.18902976
2532.7554554 5114.15578901
2536.07313292 5109.14538644
2539.42177732 5104.15811242
2542.80118123 5099.1942573
2546.21113732 5094.25411146
2549.65143823 5089.33796525
2553.12187659 5084.44610905
2556.62224506 5079.57883321
2560.15233629 5074.73642809
2563.71194291 5069.91918407
2567.30085758 5065.12739151
2570.91887294 5060.36134076
2574.56578164 5055.6213222
2578.2413745 5050.90762391
2581.94516115 5046.22018053
2585.6760685 5041.55819439
2589.43295112 5036.9207769
2593.2146636 5032.30703946
2597.02006051 5027.71609346
2600.84799642 5023.14705033
2604.6973259 5018.59902144
2608.56690355 5014.07111822
2612.45558392 5009.56245205
2616.36222159 5005.07213435
2620.28567114 5000.59927651
2624.22478715 4996.14298994
2628.17842418 4991.70238604
2632.14543682 4987.27657621
2636.12467964 4982.86467185
2640.11500721 4978.46578437
2644.11527411 4974.07902517
2648.12433491 4969.70350565
2652.1410442 4965.33833722
2656.16425654 4960.98263127
2660.1928265 4956.63549921
2664.22560868 4952.29605244
2668.26145763 4947.96340236
2672.29922794 4943.63666038
2676.33777418 4939.31493789
2680.37595092 4934.99734631
2684.41261274 4930.68299703
2688.44661422 4926.37100145
2692.47680993 4922.06047098
2696.50205444 4917.75051703
2700.52120234 4913.44025098
2704.53310819 4909.12878425
2708.53662657 4904.81522823
2712.53061206 4900.49869433
2716.51391922 4896.17829396
2720.48540265 4891.85313851
2724.4439169 4887.52233938
2728.38831657 4883.18500798
2732.31745621 4878.84025572
2736.23019041 4874.48719399
2740.12537374 4870.12493419
2744.00186078 4865.75258773
2747.85850609 4861.36926601
2751.69416427 4856.97408043
2755.50768988 4852.5661424
2759.29793749 4848.14456332
2763.06376169 4843.70845459
2766.80401704 4839.2569276
2770.51755813 4834.78909378
2774.20323953 4830.30406451
2777.86014014 4825.80105756
2781.48861508 4821.27989579
2785.08947015 4816.74061574
2788.66351165 4812.18325419
2792.21154589 4807.60784793
2795.73437918 4803.01443372
2799.23281782 4798.40304836
2802.70766812 4793.77372862
2806.15973638 4789.12651128
2809.58982893 4784.46143314
2812.99875205 4779.77853096
2816.38731205 4775.07784153
2819.75631525 4770.35940163
2823.10656796 4765.62324805
2826.43887647 4760.86941755
2829.75404709 4756.09794693
2833.05288613 4751.30887297
2836.3361999 4746.50223244
2839.60479471 4741.67806213
2842.85947686 4736.83639883
2846.10105265 4731.9772793
2849.3303284 4727.10074033
2852.54811042 4722.20681871
2855.755205 4717.29555121
2858.95241845 4712.36697461
2862.14055709 4707.42112571
2865.32042722 4702.45804127
2868.49283514 4697.47775808
2871.65858716 4692.48031292
2874.8184896 4687.46574257
2877.97334875 4682.43408381
2881.12397092 4677.38537343
2884.27116242 4672.31964821
2887.41572956 4667.23694492
2890.55847864 4662.13730035
2893.70021597 4657.02075128
2896.84174786 4651.88733449
2899.98388061 4646.73708676
2903.12742053 4641.57004487
2906.27317393 4636.38624561
2909.42194711 4631.18572576
2912.57454638 4625.96852209
2915.73177805 4620.73467139
2918.89444842 4615.48421043
2922.06336381 4610.21717601
2925.23933051 4604.9336049
2928.42315484 4599.63353388
2931.61564309 4594.31699974
2934.81760159 4588.98403925
2938.02983663 4583.6346892
2941.25315452 4578.26898637
2944.48836158 4572.88696753
2947.73626409 4567.48866948
2950.99766838 4562.07412898
2954.27338075 4556.64338283
2957.5642075 4551.19646781
2960.87095494 4545.73342069
2964.19442939 4540.25427825
2967.53543714 4534.75907729
2970.8947845 4529.24785457
2974.27327778 4523.72064689
2977.67172329 4518.17749101
2981.09092733 4512.61842373
2984.53160853 4507.04354574
2987.99376385 4501.45348384
2991.47703562 4495.84912334
2994.98106369 4490.23135137
2998.50548792 4484.60105505
3002.04994815 4478.95912152
3005.61408425 4473.30643788
3009.19753606 4467.64389127
3012.79994344 4461.9723688
3016.42094624 4456.29275761
3020.06018432 4450.60594481
3023.71729753 4444.91281752
3027.39192572 4439.21426288
3031.08370876 4433.511168
3034.79228648 4427.80442001
3038.51729875 4422.09490603
3042.25838542 4416.38351319
3046.01518635 4410.6711286
3049.78734138 4404.95863939
3053.57449038 4399.24693269
3057.37627319 4393.53689561
3061.19232967 4387.82941529
3065.02229967 4382.12537884
3068.86582305 4376.42567339
3072.72253966 4370.73118606
3076.59208936 4365.04280398
3080.47411199 4359.36141426
3084.36824742 4353.68790403
3088.27413549 4348.02316042
3092.19141606 4342.36807055
3096.11972899 4336.72352154
3100.05871412 4331.09040051
3104.00801132 4325.46959459
3107.96726043 4319.86199091
3111.93610131 4314.26847658
3115.91417381 4308.68993872
3119.90111779 4303.12726447
3123.8965731 4297.58134095
3127.90017959 4292.05305527
3131.91157713 4286.54329456
3135.93040555 4281.05294595
3139.95630473 4275.58289656
3143.9889145 4270.13403351
3148.02787472 4264.70724393
3152.07282526 4259.30341493
3156.12340595 4253.92343365
3160.17925666 4248.5681872
3164.24001724 4243.23856271
3168.30532754 4237.93544731
3172.37482742 4232.65972811
3176.44815673 4227.41229223
3180.52495532 4222.19402681
3184.60486306 4217.00581897
3188.68751978 4211.84855583
3192.77256535 4206.7231245
3196.85963962 4201.63041213
3200.94838245 4196.57130582
3205.03843368 4191.54669271
3209.12943317 4186.55745991
3213.22102078 4181.60449455
3217.31283636 4176.68868375
3221.40451976 4171.81091464
3225.49571084 4166.97207434
3229.58604945 4162.17304997
3233.67517544 4157.41472866
3237.76272867 4152.69799753
3241.84834899 4148.0237437
3245.93167626 4143.3928543
3250.01235033 4138.80621644
3254.09001105 4134.26471726
3258.16429828 4129.76924388
3262.23485188 4125.32068341
3266.30131168 4120.91992299
3270.36331756 4116.56784974
3274.42050936 4112.26535078
3278.47252693 4108.01331323
3282.51901014 4103.81262421
3286.55959883 4099.66417086
3290.59393286 4095.56884029
3294.62165208 4091.52751962
3298.64239635 4087.54109599
3302.65580551 4083.61045651
3306.66151943 4079.73648831
3310.65917796 4075.9200785
3314.64842095 4072.16211422
3318.62888826 4068.46348259
3322.60021973 4064.82507073
3326.56205523 4061.24776576
3330.5140346 4057.73245481
3334.4557977 4054.280025
3338.38698439 4050.89136346
3342.30723452 4047.5673573
3346.21618794 4044.30889365
3350.1134845 4041.11685963
3353.99876406 4037.99214238
3357.87166648 4034.935629
3361.73183161 4031.94820663
3365.57889929 4029.03076239
3369.41250939 4026.18418339
3373.23230176 4023.40935677
3377.03791626 4020.70716965
3380.82899273 4018.07850915
3384.60517103 4015.5242624
3388.36609101 4013.04531651
3392.11139253 4010.64255861
3395.84071545 4008.31687583
3399.55369961 4006.06915528
3403.24998487 4003.9002841
3406.92921108 4001.8111494
3410.59101811 3999.80263831
3414.23504579 3997.87563795
3417.86093399 3996.03103545
3421.46832255 3994.26971792
3425.05685134 3992.5925725
3428.62616021 3991.00048629
3432.175889 3989.49434644
3435.70567788 3988.07503913
3439.2152737 3986.7431172
3442.7046872 3985.49830906
3446.17396922 3984.34021787
3449.62317059 3983.26844679
3453.05234215 3982.28259899
3456.46153475 3981.38227763
3459.85079921 3980.56708588
3463.22018637 3979.83662688
3466.56974707 3979.19050382
3469.89953214 3978.62831984
3473.20959242 3978.14967811
3476.49997875 3977.7541818
3479.77074197 3977.44143406
3483.0219329 3977.21103806
3486.25360239 3977.06259696
3489.46580127 3976.99571393
3492.65858038 3977.00999211
3495.83199056 3977.10503469
3498.98608264 3977.28044482
3502.12090745 3977.53582566
3505.23651585 3977.87078037
3508.33295865 3978.28491213
3511.4102867 3978.77782408
3514.46855083 3979.34911939
3517.50780188 3979.99840123
3520.52809069 3980.72527276
3523.52946809 3981.52933713
3526.51198492 3982.41019752
3529.47569202 3983.36745708
3532.42064022 3984.40071898
3535.34688035 3985.50958637
3538.25446327 3986.69366243
3541.14343979 3987.95255031
3544.01386076 3989.28585317
3546.86577702 3990.69317419
3549.69923939 3992.17411652
3552.51429872 3993.72828331
3555.31100585 3995.35527775
3558.0894116 3997.05470298
3560.84956682 3998.82616217
3563.59152235 4000.66925849
3566.31532901 4002.58359509
3569.02103764 4004.56877514
3571.70869909 4006.62440179
3574.37836419 4008.75007822
3577.03008377 4010.94540759
3579.66390867 4013.20999305
3582.27988973 4015.54343777
3584.87807778 4017.94534491
3587.45852366 4020.41531764
3590.02127821 4022.95295911
3592.56639226 4025.5578725
3595.09391665 4028.22966095
3597.60390222 4030.96792764
3600.09639979 4033.77227572
3602.57146022 4036.64230836
3605.02913433 4039.57762872
3607.46947296 4042.57783997
3609.89252695 4045.64254526
3612.29834713 4048.77134776
3614.68698434 4051.96385063
3617.05848942 4055.21965704
3619.4129132 4058.53837013
3621.75030652 4061.91959309
3624.07072022 4065.36292906
3626.37420513 4068.86798122
3628.66081209 4072.43435273
3630.93059193 4076.06164674
3633.1835955 4079.74946641
3635.41987362 4083.49741493
3637.63947713 4087.30509543
3639.84245688 4091.17211109
3642.02886369 4095.09806508
3644.19874841 4099.08256054
3646.35216187 4103.12520064
3648.4891549 4107.22558856
3650.60977834 4111.38332744
3652.71408304 4115.59802045
3654.80211982 4119.86927076
3656.87393952 4124.19668152
3658.92959298 4128.5798559
3660.96913103 4133.01839706
3662.99260452 4137.51190816
3665.00006427 4142.05999237
3666.99156112 4146.66225285
3668.96714592 4151.31829275
3670.92686949 4156.02771525
3672.87078267 4160.79012351
3674.79893631 4165.60512068
3676.71138123 4170.47230993
3678.60816827 4175.39129442
3680.48934827 4180.36167732
3682.35497206 4185.38306178
3684.20509049 4190.45505097
3686.03975438 4195.57724806
3687.85901458 4200.74925619
3689.66292192 4205.97067855
3691.45152723 4211.24111828
3693.22488136 4216.56017856
3694.98303514 4221.92746254
3696.7260394 4227.34257338
3698.45394498 4232.80511425
3700.16680273 4238.31468831
3701.86466347 4243.87089873
3703.54757804 4249.47334866
3705.21559728 4255.12164127
3706.86877202 4260.81537972
3708.5071531 4266.55416717
3710.13079136 4272.33760679
3711.73973764 4278.16530173
3713.33404276 4284.03685517
3714.91375757 4289.95187025
3716.4789329 4295.90995015
3718.02961959 4301.91069803
3719.56586848 4307.95371705
3721.0877304 4314.03861037
3722.59525619 4320.16498115
3724.08849668 4326.33243256
3725.56750271 4332.54056776
3727.03232512 4338.7889899
3728.48301475 4345.07730217
3729.91962242 4351.40510771
3731.34219898 4357.77200968
3732.75079527 4364.17761126
3734.14546211 4370.6215156
3735.52625035 4377.10332587
3736.89321082 4383.62264522
3738.24639436 4390.17907683
3739.5858518 4396.77222385
3740.91163399 4403.40168944
3742.22379175 4410.06707677
3743.52237593 4416.767989
3744.80743736 4423.50402929
3746.07902687 4430.27480081
3747.33719531 4437.07990671
3748.58199351 4443.91895016
3749.8134723 4450.79153433
3751.03168253 4457.69726237
3752.23667502 4464.63573744
3753.42850062 4471.60656272
3754.60721017 4478.60934136
3755.77285449 4485.64367652
3756.92548442 4492.70917136
3758.06515081 4499.80542906
3759.19190448 4506.93205276
3760.30579628 4514.08864564
3761.40687703 4521.27481085
3762.49519759 4528.49015157
3763.57080877 4535.73427094
3764.63376143 4543.00677214
3765.68410639 4550.30725832
3766.72189449 4557.63533264
3767.74717657 4564.99059828
3768.76000346 4572.37265839
3769.76042601 4579.78111614
3770.74849505 4587.21557468
3771.7242614 4594.67563718
3772.68777592 4602.16090681
3773.63908944 4609.67098672
3774.57825278 4617.20548007
3775.5053168 4624.76399004
3776.42033233 4632.34611977
3777.32335019 4639.95147244
3778.21442124 4647.57965121
3779.0935963 4655.23025923
3779.96092621 4662.90289968
3780.81646181 4670.59717571
3781.66025393 4678.31269048
3782.49235341 4686.04904716
3783.31281109 4693.80584892
3784.12167781 4701.5826989
3784.91900439 4709.37920028
3785.70484168 4717.19495622
3786.47924052 4725.02956988
3787.24225173 4732.88264443
3787.99392615 4740.75378301
3788.73431463 4748.64258881
3789.463468 4756.54866497
3790.18143709 4764.47161467
3790.88827275 4772.41104106
3791.5840258 4780.3665473
3792.26874708 4788.33773657
3792.94248743 4796.32421202
3793.6052977 4804.32557681
3794.2572287 4812.34143411
3794.89833128 4820.37138707
3795.52865628 4828.41503887
3796.14825453 4836.47199266
3796.75717687 4844.54185161
3797.35547413 4852.62421888
3797.94319716 4860.71869762
3798.52039678 4868.82489101
3799.08712384 4876.94240221
3799.64342917 4885.07083437
3800.1893636 4893.20979066
3800.72497798 4901.35887425
3801.25032314 4909.51768829
3801.76544991 4917.68583595
3802.27040914 4925.86292038
3802.76525165 4934.04854476
3803.25002829 4942.24231225
3803.72478989 4950.443826
3804.18958729 4958.65268918
3804.64447133 4966.86850495
3805.08949283 4975.09087648
3805.52470265 4983.31940692
3805.9501516 4991.55369944
3806.36589054 4999.7933572
3806.77197029 5008.03798337
3807.16844169 5016.2871811
3807.55535559 5024.54055356
3807.93276281 5032.79770392
3808.30071419 5041.05823532
3808.65926057 5049.32175094
3809.00845278 5057.58785394
3809.34834167 5065.85614748
3809.67897806 5074.12623472
3810.0004128 5082.39771883
3810.31269672 5090.67020296
3810.61588065 5098.94329029
3810.91001544 5107.21658396
3811.19515191 5115.48968715
3811.47134092 5123.76220302
3811.73863328 5132.03373473
3811.99707984 5140.30388544
3812.24673144 5148.57225831
3812.48763891 5156.83845651
3812.71985309 5165.1020832
3812.94342481 5173.36274154
3813.15840491 5181.62003469
3813.36484423 5189.87356582
3813.56279361 5198.12293809
3813.75230387 5206.36775466
3813.93342586 5214.6076187
3814.10621041 5222.84213335
3814.27070836 5231.0709018
3814.42697054 5239.2935272
3814.5750478 5247.50961271
3814.71499097 5255.71876149
3814.84685088 5263.92057672
3814.97067837 5272.11466154
3815.08652428 5280.30061912
3815.19443944 5288.47805263
3815.29447469 5296.64656523
3815.38668087 5304.80576008
3815.47110881 5312.95524034
3815.54780935 5321.09460917
3815.61683333 5329.22346974
3815.67823158 5337.34142521
3815.73205494 5345.44807874
3815.77835424 5353.54303349
3815.81718032 5361.62589263
3815.84858402 5369.69625932
3815.87261618 5377.75373672
3815.88932763 5385.797928
3815.8987692 5393.82843631
3815.90099173 5401.84486481
3815.89604607 5409.84681668
3815.88398304 5417.83389507
3815.86485348 5425.80570315
3815.83870824 5433.76184407
3815.80559813 5441.70192101
3815.76557401 5449.62553711
3815.71868671 5457.53229556
3815.66498706 5465.42179949
3815.60452591 5473.29365209
3815.53735407 5481.14745651
3815.46352241 5488.98281592
3815.38308174 5496.79933347
3815.29608291 5504.59661233
3815.20257675 5512.37425566
3815.1026141 5520.13186663
3814.9962458 5527.86904839
3814.88352268 5535.58540412
3814.76449558 5543.28053696
3814.63921533 5550.95405009
3814.50773277 5558.60554666
3814.37009874 5566.23462984
3814.22636408 5573.84090279
3814.07657961 5581.42396867
3813.92079618 5588.98343065
3813.75906463 5596.51889189
3813.59143578 5604.02995555
3813.41796048 5611.51622479
3813.23868956 5618.97730278
3813.05367386 5626.41279267
3812.86296422 5633.82229763
3812.66661146 5641.20542083
3812.46466644 5648.56176542
3812.25717998 5655.89093456
3812.04420291 5663.19253143
3811.82578609 5670.46615918
3811.60198034 5677.71142097
3811.3728365 5684.92791997
3811.13840541 5692.11525933
3810.89873789 5699.27304223
3810.6538848 5706.40087183
3810.40389696 5713.49835127
3810.14882522 5720.56508374
3809.8887204 5727.60067239
3809.62363335 5734.60472038
3809.35361489 5741.57683087
3809.07871588 5748.51660704
3808.79898714 5755.42365203
3808.51447951 5762.29756902
3808.22524382 5769.13796116
