3813.0 5774.0
3811.20147149 5779.95199329
3809.38664662 5785.86309977
3807.56164347 5791.73687929
3805.7325801 5797.57689171
3803.9055746 5803.38669689
3802.08674504 5809.16985468
3800.28220948 5814.92992493
3798.49808601 5820.67046751
3796.7404927 5826.39504225
3795.01554761 5832.10720903
3793.32936883 5837.81052769
3791.68807442 5843.50855809
3790.09778247 5849.20486008
3788.56461103 5854.90299352
3787.0946782 5860.60651826
3785.69410203 5866.31899416
3784.36900061 5872.04398107
3783.125492 5877.78503885
3781.96969429 5883.54572735
3780.90772553 5889.32960642
3779.94570382 5895.14023593
3779.08974721 5900.98117573
3778.34597379 5906.85598566
3777.72050162 5912.76822559
3777.21944879 5918.72145537
3776.84861999 5924.71909361
3776.60470505 5930.76045023
3776.47407336 5936.8401831
3776.44253867 5942.95269962
3776.49591475 5949.0924072
3776.62001536 5955.25371323
3776.80065426 5961.43102513
3777.02364521 5967.61875029
3777.27480197 5973.81129611
3777.5399383 5980.00307
3777.80486795 5986.18847937
3778.05540469 5992.3619316
3778.27736229 5998.51783411
3778.45655449 6004.6505943
3778.57879506 6010.75461957
3778.62989776 6016.82431732
3778.59567635 6022.85409495
3778.46194458 6028.83835988
3778.21451623 6034.77151949
3777.83920505 6040.6479812
3777.32182479 6046.4621524
3776.64818922 6052.2084405
3775.80411211 6057.8812529
3774.7754072 6063.474997
3773.54788826 6068.98408021
3772.10736905 6074.40290993
3770.43966333 6079.72589355
3768.53219815 6084.94801906
3766.38608202 6090.06919789
3764.00931815 6095.09182267
3761.40996243 6100.01830495
3758.59607072 6104.85105629
3755.57569889 6109.59248827
3752.35690282 6114.24501243
3748.94773837 6118.81104034
3745.35626144 6123.29298356
3741.59052787 6127.69325366
3737.65859356 6132.01426219
3733.56851437 6136.25842072
3729.32834617 6140.42814081
3724.94614484 6144.52583403
3720.42996625 6148.55391192
3715.78786627 6152.51478607
3711.02790078 6156.41086802
3706.15812565 6160.24456934
3701.18659675 6164.01830159
3696.12136995 6167.73447634
3690.97050113 6171.39550514
3685.74204617 6175.00379956
3680.44406092 6178.56177116
3675.08460128 6182.07183149
3669.6717231 6185.53639214
3664.21348226 6188.95786464
3658.71793464 6192.33866058
3653.19313611 6195.6811915
3647.64714253 6198.98786898
3642.08800979 6202.26110456
3636.52379376 6205.50330982
3630.96255031 6208.71689632
3625.41233531 6211.90427562
3619.88120462 6215.06785927
3614.37551108 6218.20949531
3608.89522123 6221.32891858
3603.43880491 6224.42536866
3598.00473194 6227.49808513
3592.59147214 6230.54630757
3587.19749535 6233.56927555
3581.82127138 6236.56622867
3576.46127007 6239.53640649
3571.11596125 6242.4790486
3565.78381474 6245.39339459
3560.46330036 6248.27868402
3555.15288795 6251.13415648
3549.85104733 6253.95905154
3544.55624833 6256.7526088
3539.26696077 6259.51406783
3533.98165449 6262.24266821
3528.6987993 6264.93764951
3523.41686505 6267.59825133
3518.13432155 6270.22371323
3512.84963862 6272.81327481
3507.56128611 6275.36617563
3502.26773383 6277.88165529
3496.96745161 6280.35895335
3491.65890928 6282.79730941
3486.34057667 6285.19596303
3481.0109236 6287.55415381
3475.6684199 6289.87112131
3470.3115354 6292.14610513
3464.93873992 6294.37834483
3459.54850329 6296.56708001
3454.13929534 6298.71155024
3448.70958589 6300.81099509
3443.25784478 6302.86465416
3437.78254182 6304.87176702
3432.28214685 6306.83157325
3426.75512969 6308.74331243
3421.20021472 6310.60631688
3415.61766527 6312.42047962
3410.00832008 6314.18590331
3404.3730189 6315.90269098
3398.71260148 6317.57094566
3393.02790758 6319.19077038
3387.31977693 6320.76226816
3381.58904929 6322.28554203
3375.83656441 6323.76069501
3370.06316202 6325.18783015
3364.26968189 6326.56705046
3358.45696376 6327.89845897
3352.62584737 6329.1821587
3346.77717249 6330.4182527
3340.91177884 6331.60684398
3335.03050619 6332.74803557
3329.13419428 6333.8419305
3323.22368285 6334.8886318
3317.29981167 6335.88824249
3311.36342047 6336.8408656
3305.415349 6337.74660417
3299.45643702 6338.60556121
3293.48752426 6339.41783976
3287.50945049 6340.18354284
3281.52305544 6340.90277348
3275.52917886 6341.57563472
3269.52866051 6342.20222956
3263.52234013 6342.78266105
3257.51105747 6343.31703221
3251.49565228 6343.80544607
3245.4769643 6344.24800566
3239.45583329 6344.644814
3233.43309899 6344.99597412
3227.40960115 6345.30158906
3221.38617952 6345.56176183
3215.36367385 6345.77659546
3209.34292389 6345.94619299
3203.32474403 6346.07065831
3197.30958511 6346.1501078
3191.29762589 6346.1846672
3185.28903859 6346.17446246
3179.2839954 6346.11961953
3173.28266853 6346.02026437
3167.28523018 6345.87652294
3161.29185256 6345.68852119
3155.30270788 6345.45638507
3149.31796834 6345.18024055
3143.33780614 6344.86021357
3137.36239349 6344.49643008
3131.39190259 6344.08901605
3125.42650566 6343.63809743
3119.46637488 6343.14380018
3113.51168247 6342.60625024
3107.56260064 6342.02557358
3101.61930159 6341.40189614
3095.68195751 6340.73534389
3089.75074063 6340.02604278
3083.82582313 6339.27411876
3077.90737724 6338.47969779
3071.99557515 6337.64290582
3066.09058906 6336.76386881
3060.19259119 6335.84271271
3054.30175373 6334.87956348
3048.41824889 6333.87454707
3042.54224888 6332.82778944
3036.67392591 6331.73941654
3030.81345216 6330.60955433
3024.96099986 6329.43832877
3019.11674121 6328.22586579
3013.2808484 6326.97229137
3007.45349366 6325.67773146
3001.63484917 6324.34231201
2995.82508714 6322.96615898
2990.02437979 6321.54939831
2984.23289931 6320.09215598
2978.45081856 6318.59455744
2972.67837637 6317.0566791
2966.91593353 6315.47850668
2961.16386399 6313.86001607
2955.42254172 6312.20118317
2949.6923407 6310.50198389
2943.9736349 6308.76239414
2938.26679827 6306.9823898
2932.57220478 6305.16194678
2926.89022841 6303.301041
2921.22124312 6301.39964834
2915.56562287 6299.45774471
2909.92374164 6297.47530601
2904.29597338 6295.45230815
2898.68269208 6293.38872702
2893.08427169 6291.28453854
2887.50108619 6289.13971859
2881.93350953 6286.95424309
2876.38191569 6284.72808793
2870.84667863 6282.46122903
2865.32817233 6280.15364227
2859.82677074 6277.80530356
2854.34284784 6275.41618881
2848.87677759 6272.98627392
2843.42893396 6270.51553478
2837.99969092 6268.0039473
2832.58942243 6265.45148739
2827.19850247 6262.85813094
2821.82730499 6260.22385386
2816.47620397 6257.54863205
2811.14557337 6254.83244142
2805.83578716 6252.07525785
2800.5472193 6249.27705726
2795.28024377 6246.43781555
2790.03523454 6243.55750863
2784.81256556 6240.63611238
2779.6126108 6237.67360272
2774.43574422 6234.66995561
2769.28231206 6231.62521234
2764.15258056 6228.53960318
2759.04680153 6225.41339237
2753.96522681 6222.24684413
2748.90810823 6219.04022269
2743.87569762 6215.79379229
2738.86824681 6212.50781716
2733.88600762 6209.18256152
2728.92923188 6205.81828962
2723.99817144 6202.41526568
2719.0930781 6198.97375392
2714.21420371 6195.4940186
2709.36180009 6191.97632393
2704.53611907 6188.42093414
2699.73741248 6184.82811347
2694.96593216 6181.19812615
2690.22192992 6177.53123642
2685.5056576 6173.82770849
2680.81736703 6170.08780661
2676.15731004 6166.311795
2671.52573846 6162.4999379
2666.92290411 6158.65249953
2662.34905883 6154.76974414
2657.80445444 6150.85193594
2653.28934277 6146.89933918
2648.80397566 6142.91221807
2644.34860494 6138.89083687
2639.92348242 6134.83545978
2635.52885995 6130.74635106
2631.16498935 6126.62377492
2626.83212244 6122.4679956
2622.53051107 6118.27927734
2618.26040705 6114.05788435
2614.02206223 6109.80408088
2609.81572842 6105.51813115
2605.64165746 6101.2002994
2601.50010117 6096.85084986
2597.39131139 6092.47004675
2593.31553994 6088.05815432
2589.27303866 6083.61543679
2585.26405937 6079.14215839
2581.2888539 6074.63858335
2577.34767409 6070.10497591
2573.44077175 6065.5416003
2569.56839873 6060.94872075
2565.73080685 6056.32660148
2561.92824793 6051.67550674
2558.16097382 6046.99570075
2554.42923633 6042.28744774
2550.7332873 6037.55101195
2547.07337831 6032.78665767
2543.4497331 6027.99465766
2539.8625219 6023.17530085
2536.31190887 6018.32887802
2532.79805819 6013.45567994
2529.32113402 6008.5559974
2525.88130052 6003.63012118
2522.47872188 5998.67834205
2519.11356224 5993.70095079
2515.78598579 5988.69823817
2512.49615669 5983.67049499
2509.2442391 5978.618012
2506.0303972 5973.54108001
2502.85479516 5968.43998977
2499.71759713 5963.31503207
2496.6189673 5958.16649769
2493.55906982 5952.9946774
2490.53806886 5947.79986198
2487.5561286 5942.58234222
2484.6134132 5937.34240889
2481.71008683 5932.08035276
2478.84631365 5926.79646462
2476.02225784 5921.49103524
2473.23808356 5916.1643554
2470.49395498 5910.81671589
2467.79003626 5905.44840747
2465.12649158 5900.05972093
2462.50348511 5894.65094704
2459.921181 5889.22237658
2457.37974344 5883.77430033
2454.87933658 5878.30700907
2452.42012459 5872.82079358
2450.00227165 5867.31594463
2447.62594192 5861.79275301
2445.29129956 5856.25150948
2442.99850875 5850.69250484
2440.74773366 5845.11602985
2438.53913844 5839.52237529
2436.37288728 5833.91183195
2434.24914433 5828.2846906
2432.16807377 5822.64124202
2430.12983976 5816.98177698
2428.13460647 5811.30658627
2426.18253807 5805.61596067
2424.27379873 5799.91019094
2422.40855261 5794.18956788
2420.58696388 5788.45438225
2418.80919672 5782.70492484
2417.07541528 5776.94148642
2415.38578373 5771.16435777
2413.74046625 5765.37382967
2412.13962701 5759.5701929
2410.58343016 5753.75373824
2409.07203987 5747.92475646
2407.60562032 5742.08353835
2406.18433568 5736.23037467
2404.8083501 5730.36555621
2403.47782777 5724.48937375
2402.19293284 5718.60211806
2400.95382948 5712.70407993
2399.76068171 5706.79555033
2398.61362211 5700.87686194
2397.51271388 5694.94843949
2396.45801092 5689.01071999
2395.44956716 5683.06414049
2394.48743649 5677.10913801
2393.57167285 5671.14614958
2392.70233014 5665.17561224
2391.87946227 5659.19796301
2391.10312316 5653.21363892
2390.37336672 5647.22307701
2389.69024686 5641.2267143
2389.05381751 5635.22498783
2388.46413257 5629.21833463
2387.92124595 5623.20719171
2387.42521157 5617.19199613
2386.97608335 5611.1731849
2386.57391519 5605.15119505
2386.21876102 5599.12646362
2385.91067473 5593.09942764
2385.64971026 5587.07052414
2385.4359215 5581.04019014
2385.26936238 5575.00886269
2385.1500868 5568.9769788
2385.07814869 5562.9449755
2385.05360195 5556.91328984
2385.0765005 5550.88235884
2385.14689826 5544.85261952
2385.26484912 5538.82450892
2385.43040702 5532.79846408
2385.64362586 5526.77492201
2385.90455955 5520.75431976
2386.21326202 5514.73709434
2386.56978716 5508.7236828
2386.97418891 5502.71452216
2387.42652116 5496.71004945
2387.92683784 5490.7107017
2388.47519285 5484.71691594
2389.07164011 5478.72912921
2389.71623354 5472.74777852
2390.40902705 5466.77330093
2391.15007455 5460.80613344
2391.93942995 5454.8467131
2392.77714717 5448.89547693
2393.66328012 5442.95286197
2394.59788272 5437.01930524
2395.58100888 5431.09524378
2396.6127125 5425.18111461
2397.69304752 5419.27735476
2398.82206783 5413.38440128
2399.99982736 5407.50269117
2401.22638001 5401.63266149
2402.50177971 5395.77474925
2403.82608035 5389.92939149
2405.19933587 5384.09702524
2406.62160016 5378.27808752
2408.09292715 5372.47301537
2409.61337075 5366.68224582
2411.18298487 5360.9062159
2412.80182342 5355.14536263
2414.46993872 5349.40012191
2416.18723496 5343.67082306
2417.95335037 5337.95760413
2419.76789548 5332.26058322
2421.63048078 5326.57987844
2423.54071681 5320.91560788
2425.49821406 5315.26788966
2427.50258305 5309.63684187
2429.55343429 5304.02258261
2431.6503783 5298.42522999
2433.79302558 5292.84490211
2435.98098666 5287.28171706
2438.21387204 5281.73579296
2440.49129223 5276.20724791
2442.81285776 5270.6962
2445.17817912 5265.20276734
2447.58686684 5259.72706803
2450.03853142 5254.26922018
2452.53278338 5248.82934188
2455.06923323 5243.40755124
2457.64749149 5238.00396636
2460.26716866 5232.61870534
2462.92787526 5227.25188629
2465.6292218 5221.9036273
2468.37081879 5216.57404648
2471.15227675 5211.26326194
2473.97320619 5205.97139176
2476.83321762 5200.69855406
2479.73192156 5195.44486694
2482.66892851 5190.2104485
2485.64384899 5184.99541684
2488.65629351 5179.79989006
2491.70587258 5174.62398627
2494.79219673 5169.46782357
2497.91487645 5164.33152006
2501.07352226 5159.21519384
2504.26774468 5154.11896302
2507.49715421 5149.04294569
2510.76136138 5143.98725997
2514.05997669 5138.95202394
2517.39261065 5133.93735572
2520.75887377 5128.9433734
2524.15837658 5123.97019509
2527.59072958 5119.01793889
2531.05554329 5114.08672291
2534.55242821 5109.17666523
2538.08099486 5104.28788398
2541.64085376 5099.42049724
2545.2316154 5094.57462312
2548.85289032 5089.75037973
2552.50428902 5084.94788516
2556.18542201 5080.16725752
2559.89589981 5075.40861491
2563.63533292 5070.67207543
2567.40333186 5065.95775718
2571.19950715 5061.26577827
2575.02346929 5056.5962568
2578.87482713 5051.94930909
2582.75293129 5047.32477506
2586.65659731 5042.72192197
2590.58457431 5038.13994597
2594.5356114 5033.5780432
2598.5084577 5029.03540981
2602.50186232 5024.51124195
2606.51457438 5020.00473577
2610.54534299 5015.51508741
2614.59291727 5011.04149302
2618.65604633 5006.58314874
2622.73347929 5002.13925073
2626.82396526 4997.70899514
2630.92625335 4993.2915781
2635.03909269 4988.88619577
2639.16123239 4984.49204429
2643.29142156 4980.10831982
2647.42840931 4975.73421849
2651.57094477 4971.36893646
2655.71777704 4967.01166987
2659.86765524 4962.66161487
2664.01932849 4958.3179676
2668.1715459 4953.97992423
2672.32305659 4949.64668088
2676.47260967 4945.31743371
2680.61895425 4940.99137887
2684.76083946 4936.66771251
2688.8970144 4932.34563076
2693.02622819 4928.02432978
2697.14722995 4923.70300572
2701.25876878 4919.38085472
2705.35959381 4915.05707293
2709.44845416 4910.7308565
2713.52409892 4906.40140157
2717.58527723 4902.06790429
2721.63073819 4897.72956081
2725.65923093 4893.38556728
2729.66950454 4889.03511984
2733.66030816 4884.67741465
2737.63039089 4880.31164784
2741.57850185 4875.93701556
2745.50339016 4871.55271397
2749.40380492 4867.15793921
2753.27849526 4862.75188743
2757.12621029 4858.33375477
2760.94569912 4853.90273738
2764.73571087 4849.45803141
2768.49499465 4844.998833
2772.22229958 4840.52433831
2775.91637478 4836.03374348
2779.57596935 4831.52624466
2783.20008552 4827.00113214
2786.78916538 4822.45823177
2790.34415947 4817.89755853
2793.86601895 4813.31912762
2797.35569494 4808.72295424
2800.81413859 4804.10905359
2804.24230104 4799.47744087
2807.64113342 4794.82813126
2811.01158687 4790.16113998
2814.35461254 4785.47648221
2817.67116155 4780.77417316
2820.96218506 4776.05422803
2824.22863418 4771.316662
2827.47146008 4766.56149028
2830.69161387 4761.78872807
2833.89004671 4756.99839056
2837.06770973 4752.19049296
2840.22555407 4747.36505045
2843.36453086 4742.52207824
2846.48559125 4737.66159152
2849.58968637 4732.7836055
2852.67776737 4727.88813537
2855.75078537 4722.97519632
2858.80969153 4718.04480356
2861.85543697 4713.09697228
2864.88897284 4708.13171769
2867.91125027 4703.14905497
2870.92322041 4698.14899933
2873.92583438 4693.13156596
2876.92004334 4688.09677006
2879.90679842 4683.04462684
2882.88705075 4677.97515148
2885.86175148 4672.88835918
2888.83185174 4667.78426515
2891.79830267 4662.66288457
2894.76205541 4657.52423266
2897.7240611 4652.3683246
2900.68527088 4647.19517559
2903.64663589 4642.00480083
2906.60910726 4636.79721552
2909.57363613 4631.57243486
2912.54117364 4626.33047404
2915.51267093 4621.07134826
2918.48907914 4615.79507273
2921.47134941 4610.50166263
2924.46043287 4605.19113316
2927.45728066 4599.86349952
2930.46284393 4594.51877692
2933.47807381 4589.15698054
2936.50392143 4583.77812559
2939.54133794 4578.38222726
2942.59127448 4572.96930075
2945.65468218 4567.53936126
2948.73251219 4562.09242399
2951.82571563 4556.62850413
2954.93524365 4551.14761688
2958.06204739 4545.64977744
2961.20707799 4540.13500101
2964.37128658 4534.60330278
2967.55562431 4529.05469795
2970.7610423 4523.48920172
2973.98849171 4517.9068293
2977.23892367 4512.30759586
2980.51319298 4506.69158542
2983.81136174 4501.05944813
2987.13310243 4495.41211241
2990.47808483 4489.75050861
2993.84597871 4484.07556708
2997.23645385 4478.38821818
3000.64918004 4472.68939225
3004.08382705 4466.98001965
3007.54006466 4461.26103071
3011.01756266 4455.5333558
3014.51599081 4449.79792527
3018.0350189 4444.05566945
3021.57431671 4438.30751871
3025.13355401 4432.5544034
3028.71240059 4426.79725385
3032.31052622 4421.03700043
3035.92760069 4415.27457349
3039.56329376 4409.51090336
3043.21727523 4403.74692042
3046.88921487 4397.98355499
3050.57878245 4392.22173744
3054.28564777 4386.46239812
3058.00948059 4380.70646737
3061.74995069 4374.95487554
3065.50672786 4369.20855299
3069.27948187 4363.46843006
3073.06788251 4357.73543711
3076.87159954 4352.01050449
3080.69030275 4346.29456254
3084.52366193 4340.58854161
3088.37134684 4334.89337206
3092.23302727 4329.20998423
3096.10837299 4323.53930849
3099.99705379 4317.88227516
3103.89873944 4312.23981461
3107.81309972 4306.61285719
3111.73980441 4301.00233325
3115.6785233 4295.40917313
3119.62892615 4289.83430719
3123.59068275 4284.27866577
3127.56346288 4278.74317923
3131.54693632 4273.22877792
3135.54077284 4267.73639218
3139.54464222 4262.26695237
3143.55821424 4256.82138884
3147.58115869 4251.40063193
3151.61314534 4246.005612
3155.65384397 4240.6372594
3159.70292435 4235.29650448
3163.76005627 4229.98427758
3167.82490951 4224.70150906
3171.89715384 4219.44912927
3175.97645905 4214.22806856
3180.06249491 4209.03925728
3184.1549312 4203.88362577
3188.25343771 4198.76210439
3192.3576842 4193.67562349
3196.46734046 4188.62511342
3200.58207627 4183.61150453
3204.7015614 4178.63572716
3208.82546564 4173.69871168
3212.95345877 4168.80138842
3217.08521056 4163.94468774
3221.22039079 4159.12954
3225.35866924 4154.35687553
3229.49971569 4149.62762469
3233.64319992 4144.94271783
3237.7887917 4140.3030853
3241.93616083 4135.70965745
3246.08497707 4131.16336462
3250.2349102 4126.66513718
3254.38563001 4122.21590547
3258.53680627 4117.81659984
3262.68810876 4113.46815064
3266.83920727 4109.17148822
3270.98977156 4104.92754293
3275.13947142 4100.73724512
3279.28797662 4096.60152514
3283.43495695 4092.52131335
3287.58008219 4088.49754008
3291.72302211 4084.53113569
3295.8634465 4080.62303054
3300.00102512 4076.77415497
3304.13542777 4072.98543933
3308.26632421 4069.25781397
3312.39338424 4065.59220924
3316.51627762 4061.98955549
3320.63467413 4058.45078308
3324.74824357 4054.97682234
3328.85665569 4051.56860364
3332.95958029 4048.22705732
3337.05668715 4044.95311374
3341.14764603 4041.74770323
3345.23212672 4038.61175616
3349.309799 4035.54620287
3353.38033265 4032.55197372
3357.44339744 4029.62999904
3361.49866316 4026.7812092
3365.54579959 4024.00653455
3369.5844765 4021.30690542
3373.61436367 4018.68325218
3377.63513088 4016.13650518
3381.64644791 4013.66759475
3385.64798454 4011.27745126
3389.63941055 4008.96700506
3393.62039572 4006.73718649
3397.59060982 4004.5889259
3401.54972263 4002.52315364
3405.49740394 4000.54080008
3409.43332353 3998.64279554
3413.35715116 3996.83007039
3417.26855662 3995.10355497
3421.1672097 3993.46417964
3425.05278016 3991.91287474
3428.92493779 3990.45057063
3432.78335236 3989.07819766
3436.62769388 3987.79668516
3440.45771124 3986.60660557
3444.27334846 3985.50764849
3448.07457919 3984.49936944
3451.86137709 3983.58132393
3455.63371582 3982.75306747
3459.39156904 3982.01415557
3463.13491041 3981.36414374
3466.86371358 3980.80258749
3470.57795221 3980.32904234
3474.27759996 3979.94306379
3477.9626305 3979.64420735
3481.63301746 3979.43202854
3485.28873453 3979.30608287
3488.92975534 3979.26592585
3492.55605357 3979.31111298
3496.16760286 3979.44119978
3499.76437688 3979.65574176
3503.34634929 3979.95429444
3506.91349374 3980.33641331
3510.46578389 3980.8016539
3514.0031934 3981.34957171
3517.52569593 3981.97972226
3521.03326513 3982.69166105
3524.52587466 3983.4849436
3528.00349819 3984.35912542
3531.46610937 3985.31376201
3534.91368185 3986.34840889
3538.3461893 3987.46262158
3541.76360538 3988.65595557
3545.16590373 3989.92796638
3548.55305803 3991.27820953
3551.92504193 3992.70624052
3555.28182908 3994.21161487
3558.62339314 3995.79388808
3561.94970778 3997.45261566
3565.26074665 3999.18735314
3568.5564834 4000.99765601
3571.8368917 4002.88307979
3575.10194521 4004.84317999
3578.35161758 4006.87751212
3581.58588247 4008.98563169
3584.80471354 4011.16709421
3588.00808445 4013.4214552
3591.19596885 4015.74827016
3594.3683404 4018.1470946
3597.52517277 4020.61748404
3600.6664396 4023.15899399
3603.79211457 4025.77117996
3606.90217131 4028.45359745
3609.9965835 4031.20580198
3613.0753248 4034.02734907
3616.13836885 4036.91779421
3619.18568932 4039.87669293
3622.21725986 4042.90360072
3625.23305414 4045.99807312
3628.23304582 4049.15966561
3631.21720854 4052.38793373
3634.18551597 4055.68243296
3637.13794176 4059.04271884
3640.07445958 4062.46834686
3642.99504308 4065.95887255
3645.89966593 4069.5138514
3648.78830177 4073.13283893
3651.66092427 4076.81539066
3654.51750708 4080.56106209
3657.35802386 4084.36940873
3660.18244828 4088.23998609
3662.99075398 4092.17234969
3665.78291464 4096.16605504
3668.55890389 4100.22065764
3671.31869541 4104.33571301
3674.06226285 4108.51077666
3676.78957987 4112.7454041
3679.50062013 4117.03915084
3682.19535729 4121.39157239
3684.87376499 4125.80222427
3687.53581691 4130.27066197
3690.1814867 4134.79644102
3692.81074801 4139.37911693
3695.42357452 4144.0182452
3698.01993986 4148.71338135
3700.59981771 4153.46408088
3703.16318172 4158.26989931
3705.71000554 4163.13039216
3708.24026284 4168.04511492
3710.75392728 4173.01362311
3713.25097251 4178.03547225
3715.73137219 4183.11021784
3718.19509997 4188.23741539
3720.64212953 4193.41662042
3723.07243451 4198.64738843
3725.48598857 4203.92927494
3727.88276537 4209.26183545
3730.26273857 4214.64462549
3732.62588183 4220.07720055
3734.9721688 4225.55911615
3737.30157315 4231.0899278
3739.61406852 4236.66919102
3741.90962859 4242.29646131
3744.188227 4247.97129418
3746.44983742 4253.69324514
3748.69443351 4259.46186971
3750.92198891 4265.2767234
3753.1324773 4271.13736171
3755.32587232 4277.04334016
3757.50214764 4282.99421426
3759.66127691 4288.98953952
3761.80323379 4295.02887145
3763.92799194 4301.11176556
3766.03552503 4307.23777736
3768.12580669 4313.40646237
3770.19881061 4319.61737609
3772.25451042 4325.87007403
3774.2928798 4332.16411171
3776.31389239 4338.49904464
3778.31752186 4344.87442833
3780.30374187 4351.28981828
3782.27252606 4357.74477001
3784.22384811 4364.23883903
3786.15768167 4370.77158086
3788.0740004 4377.34255099
3789.97277795 4383.95130495
3791.85398798 4390.59739824
3793.71760415 4397.28038638
3795.56360013 4403.99982487
3797.39194956 4410.75526923
3799.2026261 4417.54627496
3800.99560342 4424.37239759
3802.77085517 4431.23319261
3804.52835502 4438.12821554
3806.2680766 4445.05702189
3807.9899936 4452.01916718
3809.69407966 4459.0142069
3811.38030844 4466.04169658
3813.0486536 4473.10119173
3814.6990888 4480.19224785
3816.33158769 4487.31442045
3817.94612394 4494.46726505
3819.54267121 4501.65033716
3821.12120314 4508.86319229
3822.6816934 4516.10538595
3824.22411565 4523.37647365
3825.74844354 4530.6760109
3827.25465073 4538.00355321
3828.74271089 4545.3586561
3830.21259767 4552.74087507
3831.66428472 4560.14976563
3833.0977457 4567.5848833
3834.51295428 4575.04578359
3835.90988412 4582.532022
3837.28850886 4590.04315405
3838.64880217 4597.57873525
3839.9907377 4605.13832112
3841.31428912 4612.72146715
3842.61943008 4620.32772886
3843.90613423 4627.95666177
3845.17437525 4635.60782138
3846.42412678 4643.28076321
3847.65536249 4650.97504276
3848.86805603 4658.69021554
3850.06218106 4666.42583708
3851.23771123 4674.18146287
3852.39462022 4681.95664843
3853.53288166 4689.75094927
3854.65246923 4697.5639209
3855.75335658 4705.39511884
3856.83551737 4713.24409858
3857.89892526 4721.11041565
3858.9435539 4728.99362555
3859.96937695 4736.8932838
3860.97636808 4744.80894591
3861.96450093 4752.74016738
3862.93374917 4760.68650373
3863.88408645 4768.64751047
3864.81548644 4776.6227431
3865.72792279 4784.61175715
3866.62136916 4792.61410812
3867.49579921 4800.62935152
3868.35118659 4808.65704286
3869.18750496 4816.69673766
3870.00472799 4824.74799143
3870.80282933 4832.81035966
3871.58178263 4840.88339789
3872.34156156 4848.96666161
3873.08213978 4857.05970634
3873.80349094 4865.16208759
3874.50558869 4873.27336087
3875.18840671 4881.39308169
3875.85191864 4889.52080557
3876.49609814 4897.656088
3877.12091888 4905.79848451
3877.72635451 4913.94755061
3878.31237869 4922.1028418
3878.87896507 4930.26391359
3879.42608732 4938.4303215
3879.95371909 4946.60162105
3880.46183405 4954.77736773
3880.95040584 4962.95711706
3881.41940813 4971.14042455
3881.86881457 4979.32684571
3882.29859883 4987.51593605
3882.70873455 4995.70725109
3883.09919541 5003.90034633
3883.46995506 5012.09477729
3883.82098715 5020.29009947
3884.15226534 5028.48586839
3884.4637633 5036.68163956
3884.75545467 5044.87696849
3885.02731313 5053.07141068
3885.27931232 5061.26452166
3885.5114259 5069.45585692
3885.72362754 5077.64497199
3885.91589088 5085.83142238
3886.0881896 5094.01476358
3886.24049734 5102.19455113
3886.37278776 5110.37034051
3886.48503453 5118.54168726
3886.5772113 5126.70814687
3886.64929172 5134.86927486
3886.70124946 5143.02462673
3886.73305818 5151.17375801
3886.74469153 5159.3162242
3886.73612317 5167.45158081
3886.70732677 5175.57938336
3886.65827596 5183.69918735
3886.58894443 5191.81054829
3886.49930581 5199.9130217
3886.38933378 5208.00616308
3886.25900199 5216.08952795
3886.10828409 5224.16267182
3885.93715375 5232.2251502
3885.74558463 5240.2765186
3885.53355037 5248.31633253
3885.30102465 5256.3441475
3885.04798111 5264.35951902
3884.77439342 5272.36200261
3884.48023523 5280.35115377
3884.16548021 5288.32652801
3883.830102 5296.28768085
3883.47407427 5304.2341678
3883.09737068 5312.16554437
3882.69996489 5320.08136606
3882.28183055 5327.9811884
3881.84294131 5335.86456688
3881.38327085 5343.73105703
3880.90279281 5351.58021434
3880.40148086 5359.41159434
3879.87930865 5367.22475254
3879.33624984 5375.01924444
3878.77227809 5382.79462555
3878.18736706 5390.5504514
3877.5814904 5398.28627747
3876.95462178 5406.0016593
3876.30673485 5413.69615239
3875.63780326 5421.36931225
3874.94780069 5429.02069438
3874.23670078 5436.64985431
3873.50447719 5444.25634755
3872.75110359 5451.83972959
3871.97655362 5459.39955596
3871.18080095 5466.93538217
3870.36381924 5474.44676372
3869.52558215 5481.93325613
3868.66606332 5489.39441491
3867.78523643 5496.82979556
3866.88307512 5504.23895361
3865.95955306 5511.62144456
3865.01464391 5518.97682391
3864.04832131 5526.30464719
3863.06055894 5533.60446991
3862.05133045 5540.87584757
3861.02060949 5548.11833568
3859.96836973 5555.33148976
3858.89458482 5562.51486531
3857.79922842 5569.66801786
3856.68227419 5576.7905029
3855.54369579 5583.88187595
3854.38346687 5590.94169252
3853.2015611 5597.96950813
3851.99795213 5604.96487827
3850.77261361 5611.92735847
3849.52551922 5618.85650424
3848.2566426 5625.75187107
3846.96595741 5632.6130145
3845.65343732 5639.43949002
3844.31905598 5646.23085314
3842.96278704 5652.98665939
3841.58460417 5659.70646426
3840.18448102 5666.38982328
3838.76239126 5673.03629194
3837.31830854 5679.64542577
3835.85220651 5686.21678027
3834.36405884 5692.74991095
3832.85383919 5699.24437333
3831.3215212 5705.69972291
3829.76707855 5712.11551521
3828.19048489 5718.49130574
3826.59171387 5724.82665001
3824.97073916 5731.12110352
3823.32753441 5737.37422179
3821.66207329 5743.58556034
3819.97432944 5749.75467466
3818.26427653 5755.88112028
3816.53188821 5761.9644527
3814.77713815 5768.00422744
3813.0 5774.0
