765.134973262 7644.7397257
765.203130575 7622.09583658
765.354630732 7599.49939996
765.58534914 7576.94873909
765.891161207 7554.44217724
766.267942342 7531.97803767
766.711567953 7509.55464365
767.217913448 7487.17031843
767.782854234 7464.82338528
768.40226572 7442.51216746
769.072023314 7420.23498823
769.788002423 7397.99017086
770.546078456 7375.77603861
771.342126822 7353.59091473
772.172022927 7331.4331225
773.031642179 7309.30098518
773.916859988 7287.19282602
774.823551761 7265.10696829
775.747592906 7243.04173525
776.68485883 7220.99545016
777.631224943 7198.96643629
778.582566652 7176.95301691
779.534759365 7154.95351526
780.48367849 7132.96625461
781.425199435 7110.98955824
782.355197608 7089.02174939
783.269548418 7067.06115133
784.164127271 7045.10608732
785.034809577 7023.15488063
785.877470743 7001.20585452
786.687986178 6979.25733224
787.462231289 6957.30763707
788.196081484 6935.35509227
788.885412171 6913.39802109
789.526098759 6891.4347468
790.114016656 6869.46359266
790.645041268 6847.48288194
791.115048006 6825.4909379
791.519912276 6803.48608379
791.855509486 6781.46664288
792.117747801 6759.43094857
792.304968364 6737.37808666
792.41958015 6715.30840094
792.464379188 6693.22235493
792.442161508 6671.12041212
792.355723142 6649.00303602
792.207860118 6626.87069012
792.001368466 6604.72383794
791.739044217 6582.56294296
791.423683401 6560.38846869
791.058082048 6538.20087864
790.645036188 6516.0006363
790.18734185 6493.78820517
789.687795066 6471.56404877
789.149191864 6449.32863058
788.574328275 6427.08241411
787.966000329 6404.82586287
787.327004056 6382.55944035
786.660135486 6360.28361005
785.968190649 6337.99883548
785.253965575 6315.70558014
784.520256294 6293.40430753
783.769858837 6271.09548115
783.005569232 6248.7795645
782.230183511 6226.45702109
781.446497703 6204.12831442
780.657307839 6181.79390798
779.865409947 6159.45426528
779.073600059 6137.10984982
778.284674204 6114.76112511
777.501428413 6092.40855464
776.726658715 6070.05260191
775.963161141 6047.69373043
775.21373172 6025.3324037
774.481166482 6002.96908522
773.768261458 5980.60423849
773.077812678 5958.23832701
772.412616171 5935.87181429
771.775467968 5913.50516383
771.169164099 5891.13883912
770.596500593 5868.77330367
770.060273481 5846.40902099
769.563278793 5824.04645456
769.108312559 5801.6860679
768.698029746 5779.32830637
768.333036803 5756.97335188
768.012394444 5734.62118758
767.735125383 5712.27179172
767.500252334 5689.92514256
767.30679801 5667.58121835
767.153785126 5645.23999735
767.040236394 5622.9014578
766.96517453 5600.56557797
766.927622246 5578.23233611
766.926602257 5555.90171047
766.961137276 5533.5736793
767.030250018 5511.24822087
767.132963195 5488.92531342
767.268299523 5466.6049352
767.435281714 5444.28706449
767.632932483 5421.97167952
767.860274543 5399.65875855
768.116330608 5377.34827983
768.400123392 5355.04022163
768.71067561 5332.73456219
769.047009974 5310.43127977
769.408149198 5288.13035263
769.793115997 5265.83175901
770.200933084 5243.53547717
770.630623172 5221.24148537
771.081208977 5198.94976186
771.551713211 5176.66028489
772.041158589 5154.37303272
772.548567824 5132.0879836
773.072963631 5109.80511579
773.613368722 5087.52440754
774.168805812 5065.24583711
774.738297614 5042.96938275
775.320866843 5020.69502271
775.915536212 4998.42273525
776.521328436 4976.15249862
777.137266227 4953.88429107
777.7623723 4931.61809087
778.395669368 4909.35387627
779.036180146 4887.09162551
779.682927347 4864.83131685
780.334933685 4842.57292856
780.991221874 4820.31643887
781.650814628 4798.06182606
782.31273466 4775.80906836
782.976004684 4753.55814404
783.639647415 4731.30903134
784.302685566 4709.06170853
784.96414185 4686.81615386
785.623038982 4664.57234558
786.278399676 4642.33026194
786.929246645 4620.08988121
787.574602603 4597.85118163
788.213490264 4575.61414146
788.844932342 4553.37873895
789.46795155 4531.14495236
790.081570603 4508.91275994
790.684812214 4486.68213994
791.276699097 4464.45307063
791.856253966 4442.22553025
792.422499535 4419.99949705
792.974458517 4397.7749493
793.511153627 4375.55186525
794.031607578 4353.33022315
794.534843084 4331.11000125
795.020039468 4308.8911678
795.486997723 4286.67365123
795.935673082 4264.45737014
796.366020777 4242.2422431
796.777996037 4220.0281887
797.171554096 4197.81512552
797.546650184 4175.60297215
797.903239532 4153.39164716
798.241277373 4131.18106914
798.560718936 4108.97115668
798.861519455 4086.76182835
799.14363416 4064.55300274
799.407018282 4042.34459842
799.651627054 4020.136534
799.877415706 3997.92872803
800.08433947 3975.72109912
800.272353577 3953.51356584
800.441413258 3931.30604677
800.591473746 3909.09846049
800.722490271 3886.8907256
800.834418065 3864.68276067
800.92721236 3842.47448428
801.000828386 3820.26581503
801.055221375 3798.05667148
801.090346558 3775.84697222
801.106159168 3753.63663584
801.102614434 3731.42558092
801.079667589 3709.21372604
801.037273865 3687.00098979
800.975388492 3664.78729074
800.893966701 3642.57254748
800.792963725 3620.35667859
800.672334795 3598.13960266
800.532035141 3575.92123826
800.372019997 3553.70150398
800.192244592 3531.48031841
799.992664158 3509.25760012
799.773233927 3487.03326771
799.53390913 3464.80723974
799.274644999 3442.5794348
798.995396764 3420.34977149
798.696119658 3398.11816837
798.376768912 3375.88454403
798.037299756 3353.64881706
797.677667423 3331.41090603
797.297827144 3309.17072954
796.897734151 3286.92820616
796.477343674 3264.68325447
796.036610945 3242.43579306
795.575491196 3220.18574051
795.093939657 3197.93301541
794.591911561 3175.67753633
794.069362139 3153.41922186
793.526246621 3131.15799059
792.962520241 3108.89376109
792.378138228 3086.62645194
791.773055814 3064.35598174
791.147228232 3042.08226905
790.500610711 3019.80523248
789.833158484 2997.52479059
789.144826782 2975.24086197
788.435570836 2952.9533652
787.705345878 2930.66221887
786.954107139 2908.36734156
786.181809851 2886.06865186
785.388409244 2863.76606833
784.573860551 2841.45950958
783.738119003 2819.14889417
782.881139831 2796.83414069
782.002878266 2774.51516773
781.10328954 2752.19189387
780.182328885 2729.86423769
779.239951532 2707.53211777
778.276112711 2685.1954527
777.290767655 2662.85416106
776.283871596 2640.50816143
775.255379763 2618.15737239
774.205247389 2595.80171253
773.133429706 2573.44110043
772.039881944 2551.07545467
770.924559335 2528.70469384
769.787417111 2506.32873651
768.628593907 2483.94751981
767.455843951 2461.56175007
766.287104932 2439.17316227
765.141025151 2416.78356318
764.036252908 2394.39475954
762.991436502 2372.00855811
762.025224234 2349.62676564
761.156264404 2327.25118889
760.403205313 2304.88363462
759.78469526 2282.52590957
759.319382547 2260.1798205
759.025915472 2237.84717418
758.922942336 2215.52977734
759.02911144 2193.22943675
759.363071083 2170.94795916
759.943469566 2148.68715132
760.788955189 2126.44882
761.918176252 2104.23477194
763.349781056 2082.0468139
765.1024179 2059.88675263
767.194735085 2037.75639489
769.64538091 2015.65754744
772.473003677 1993.59201702
775.696251686 1971.56161039
779.332185981 1949.56872345
783.384754413 1927.6206193
787.851439281 1905.72696083
792.729677431 1883.89742784
798.016905709 1862.1417001
803.71056096 1840.46945738
809.808080032 1818.89037947
816.306899769 1797.41414615
823.204457017 1776.05043719
830.498188623 1754.80893238
838.185531433 1733.69931148
846.263922291 1712.73125429
854.730798045 1691.91444057
863.58359554 1671.25855011
872.819751623 1650.77326268
882.436703138 1630.46825807
892.431886932 1610.35321605
902.802739851 1590.4378164
913.546698741 1570.73173891
924.661200448 1551.24466334
936.143681817 1531.98626948
947.991579694 1512.9662371
960.202330927 1494.19424599
972.773372359 1475.67997592
985.702140838 1457.43310667
998.986073209 1439.46331802
1012.62260632 1421.78028975
1026.60917701 1404.39370164
1040.94321235 1387.3132161
1055.62054826 1370.54567342
1070.63368283 1354.09199359
1085.97469369 1337.95235086
1101.63565844 1322.12691946
1117.6086547 1306.61587361
1133.8857601 1291.41938756
1150.45905224 1276.53763553
1167.32060874 1261.97079175
1184.46250722 1247.71903046
1201.8768253 1233.78252588
1219.55564059 1220.16145226
1237.49103072 1206.85598382
1255.67507328 1193.86629479
1274.09984591 1181.1925594
1292.75742622 1168.8349519
1311.63989183 1156.7936465
1330.73932035 1145.06881744
1350.0477894 1133.66063896
1369.55737659 1122.56928528
1389.26015955 1111.79493064
1409.14821588 1101.33774927
1429.21362321 1091.19791539
1449.44845915 1081.37560325
1469.84480133 1071.87098708
1490.39472734 1062.68424109
1511.09031482 1053.81553954
1531.92364138 1045.26505665
1552.88678463 1037.03296664
1573.9718222 1029.11944377
1595.17083169 1021.52466224
1616.47589073 1014.24879631
1637.87907694 1007.29202019
1659.37246792 1000.65450812
1680.94814129 994.33643434
1702.59817468 988.337973072
1724.31464569 982.659298549
1746.08963195 977.300585006
1767.91521107 972.262006672
1789.78346067 967.543737781
1811.68645837 963.145952563
1833.61628177 959.068825252
1855.56505841 955.312436194
1877.52787017 951.871307163
1899.50435566 948.731386709
1921.49454278 945.877890853
1943.49845946 943.296035616
1965.51613364 940.971037019
1987.54759322 938.888111081
2009.59286614 937.032473825
2031.65198031 935.38934127
2053.72496367 933.943929438
2075.81184413 932.681454349
2097.91264962 931.587132023
2120.02740806 930.646178483
2142.15614738 929.843809748
2164.2988955 929.165241839
2186.45568034 928.595690778
2208.62652983 928.120372584
2230.8114719 927.724503279
2253.01053445 927.393298882
2275.22374542 927.111975416
2297.45113274 926.865748901
2319.69272432 926.639835357
2341.94854809 926.419450806
2364.21863197 926.189811281
2386.50290887 925.9397633
2408.80094928 925.672001122
2431.11223729 925.392520151
2453.43625698 925.10731579
2475.77249245 924.822383445
2498.12042779 924.543718518
2520.47954709 924.277316414
2542.84933444 924.029172536
2565.22927393 923.805282289
2587.61884965 923.611641076
2610.01754569 923.454244302
2632.42484615 923.339087369
2654.8402351 923.272165683
2677.26319665 923.259474646
2699.69321488 923.307009664
2722.12977388 923.420766139
2744.57235775 923.606739476
2767.02045057 923.870925078
2789.47353643 924.21931835
2811.93109944 924.657914695
2834.39262366 925.192709518
2856.85759321 925.829698222
2879.32549215 926.57487621
2901.7958046 927.434238888
2924.26801464 928.413781659
2946.74160635 929.519499927
2969.21606383 930.757389096
2991.69087117 932.133444569
3014.16551246 933.653661751
3036.63947179 935.324036045
3059.11223325 937.150562855
3081.58328093 939.139237586
3104.05209892 941.296055642
3126.51817131 943.627012425
3148.9809822 946.13810334
3171.44001566 948.835323791
3193.89475094 951.724672017
3216.34179638 954.813820358
3238.77005427 958.114934801
3261.16714733 961.64092749
3283.52069828 965.404710568
3305.81832984 969.419196181
3328.04766474 973.69729647
3350.19632569 978.251923581
3372.25193541 983.095989658
3394.20211663 988.242406844
3416.03449207 993.704087283
3437.73668444 999.493943119
3459.29631647 1005.6248865
3480.70101088 1012.10982956
3501.93839039 1018.96168445
3522.99607773 1026.19336331
3543.8616956 1033.81777829
3564.52286674 1041.84784153
3584.96721386 1050.29646518
3605.18235968 1059.17656137
3625.15592694 1068.50104226
3644.87557883 1078.2827232
3664.33212833 1088.52689143
3683.52173695 1099.22605092
3702.44108545 1110.3714645
3721.08685459 1121.95439505
3739.45572515 1133.9661054
3757.54437791 1146.39785842
3775.34949362 1159.24091696
3792.86775306 1172.48654386
3810.095837 1186.12600199
3827.0304262 1200.1505542
3843.66820145 1214.55146334
3860.0058435 1229.31999227
3876.04003313 1244.44740383
3891.76745111 1259.92496088
3907.18477821 1275.74392628
3922.28869519 1291.89556287
3937.07588284 1308.37113352
3951.54302191 1325.16190108
3965.68679318 1342.25912839
3979.50387741 1359.65407831
3992.99095538 1377.3380137
4006.14470786 1395.30219741
4018.96181562 1413.53789229
4031.43895943 1432.03636119
4043.57282005 1450.78886698
4055.36007826 1469.7866725
4066.79741482 1489.0210406
4077.88151051 1508.48323415
4088.6090461 1528.16451598
4098.97670236 1548.05614897
4108.98116005 1568.14939595
4118.61909995 1588.43551979
4127.88720282 1608.90578333
4136.78214944 1629.55144944
4145.30062058 1650.36378096
4153.439297 1671.33404074
4161.19485948 1692.45349165
4168.56398878 1713.71339653
4175.54336568 1735.10501823
4182.12967095 1756.61961962
4188.31958535 1778.24846355
4194.10978965 1799.98281286
4199.49696463 1821.81393041
4204.47779106 1843.73307906
4209.0489497 1865.73152165
4213.20712133 1887.80052105
4216.94898671 1909.9313401
4220.27122662 1932.11524166
4223.17052182 1954.34348858
4225.64355308 1976.60734372
4227.68700118 1998.89806993
4229.29754689 2021.20693006
4230.47187096 2043.52518696
4231.20665419 2065.8441035
4231.49857732 2088.15494252
4231.34432114 2110.44896687
4230.74056642 2132.71743941
4229.68399392 2154.951623
4228.17128441 2177.14278048
4226.19911867 2199.28217471
4223.76417746 2221.36106855
4220.86314155 2243.37072484
4217.49307796 2265.30260123
4213.65818312 2287.15175087
4209.36892625 2308.91639035
4204.63599058 2330.59484424
4199.47005935 2352.18543709
4193.88181579 2373.68649344
4187.88194314 2395.09633785
4181.48112463 2416.41329487
4174.69004352 2437.63568905
4167.51938302 2458.76184493
4159.97982638 2479.79008708
4152.08205683 2500.71874004
4143.83675761 2521.54612836
4135.25461196 2542.27057659
4126.34630312 2562.89040929
4117.12251431 2583.403951
4107.59392878 2603.80952628
4097.77122977 2624.10545967
4087.66510051 2644.29007573
4077.28622423 2664.36169901
4066.64528418 2684.31865406
4055.75296359 2704.15926543
4044.6199457 2723.88185767
4033.25691374 2743.48475533
4021.67455095 2762.96628296
4009.88354057 2782.32476512
3997.89456583 2801.55852635
3985.71830997 2820.66589121
3973.36545623 2839.64518424
3960.84668785 2858.49473
3948.17268806 2877.21285304
3935.35402849 2895.79794722
3922.39792866 2914.25048848
3909.30775114 2932.57334834
3896.08664531 2950.76953074
3882.73776054 2968.84203964
3869.26424622 2986.79387898
3855.66925174 3004.62805271
3841.95592647 3022.34756477
3828.1274198 3039.95541911
3814.18688111 3057.45461967
3800.13745978 3074.8481704
3785.98230519 3092.13907525
3771.72456672 3109.33033816
3757.36739376 3126.42496307
3742.91393568 3143.42595394
3728.36734188 3160.3363147
3713.73076172 3177.15904931
3699.0073446 3193.89716171
3684.20023989 3210.55365584
3669.31259698 3227.13153566
3654.34756525 3243.6338051
3639.30829408 3260.06346811
3624.19793285 3276.42352864
3609.01963094 3292.71699064
3593.77653774 3308.94685805
3578.47180263 3325.11613481
3563.10857499 3341.22782487
3547.6900042 3357.28493218
3532.21923964 3373.29046068
3516.69943069 3389.24741432
3501.13372674 3405.15879705
3485.52527717 3421.02761281
3469.87723136 3436.85686554
3454.1927387 3452.64955919
3438.47494855 3468.40869771
3422.72701031 3484.13728505
3406.95207336 3499.83832514
3391.15328708 3515.51482194
3375.33380085 3531.16977938
3359.49676406 3546.80620143
3343.64532608 3562.42709201
3327.78263629 3578.03545508
3311.91184408 3593.63429459
3296.03609884 3609.22661447
3280.15854994 3624.81541868
3264.28234676 3640.40371116
3248.41063868 3655.99449586
3232.54657509 3671.59077672
3216.69330538 3687.19555769
3200.85397891 3702.81184271
3185.03174508 3718.44263573
3169.22975326 3734.09094069
3153.45115284 3749.75976154
3137.6990932 3765.45210224
3121.97672372 3781.17096671
3106.28719378 3796.91935891
3090.63365277 3812.70028279
3075.01925006 3828.51674228
3059.44713504 3844.37174134
3043.92045708 3860.26828391
3028.44236558 3876.20937394
3013.01600992 3892.19801537
2997.64453946 3908.23721215
2982.33110361 3924.32996822
2967.07885173 3940.47928754
2951.89093322 3956.68817403
2936.77049744 3972.95963166
2921.7206938 3989.29666437
2906.74497512 4005.70240376
2891.84985195 4022.18126783
2877.04360511 4038.73841932
2862.33453703 4055.37903005
2847.73095013 4072.10827185
2833.24114684 4088.93131656
2818.87342958 4105.853336
2804.63610077 4122.87950201
2790.53746285 4140.01498641
2776.58581824 4157.26496103
2762.78946936 4174.63459771
2749.15671865 4192.12906827
2735.69586851 4209.75354455
2722.41522139 4227.51319837
2709.32307971 4245.41320156
2696.42774589 4263.45872595
2683.73752236 4281.65494338
2671.26071154 4300.00702567
2659.00561586 4318.52014466
2646.98053775 4337.19947217
2635.19377962 4356.05018003
2623.65364392 4375.07744007
2612.36843305 4394.28642413
2601.34644945 4413.68230403
2590.59562632 4433.26943511
2580.12060058 4453.0448836
2569.92427627 4473.00188372
2560.00954202 4493.13363561
2550.37928644 4513.43333938
2541.03639815 4533.89419518
2531.98376577 4554.50940314
2523.22427792 4575.27216337
2514.76082323 4596.17567602
2506.5962903 4617.21314122
2498.73356777 4638.37775909
2491.17554424 4659.66272976
2483.92510834 4681.06125337
2476.98514869 4702.56653004
2470.35855391 4724.1717599
2464.04821262 4745.8701431
2458.05701344 4767.65487974
2452.38784498 4789.51916998
2447.04359586 4811.45621393
2442.02715472 4833.45921172
2437.34141016 4855.52136349
2432.9892508 4877.63586937
2428.97356527 4899.79592948
2425.29724218 4921.99474396
2421.96317015 4944.22551294
2418.97423781 4966.48143654
2416.33333378 4988.7557149
2414.04334666 5011.04154815
2412.10716508 5033.33213642
2410.52767767 5055.62067983
2409.30777304 5077.90037852
2408.45033981 5100.16443262
2407.9582666 5122.40604226
2407.83444202 5144.61840757
2408.08175471 5166.79472868
2408.70309328 5188.92820571
2409.70134634 5211.01203881
2411.07940252 5233.03942809
2412.84015044 5255.0035737
2414.98647872 5276.89767575
2417.52125453 5298.71494985
2420.44442071 5320.45072083
2423.75005366 5342.10454486
2427.43152888 5363.67648361
2431.4822219 5385.16659875
2435.89550825 5406.57495195
2440.66476345 5427.90160488
2445.78336302 5449.1466192
2451.24468249 5470.3100566
2457.04209738 5491.39197873
2463.16898321 5512.39244728
2469.6187155 5533.31152391
2476.38466978 5554.14927029
2483.46022158 5574.90574809
2490.83874641 5595.58101899
2498.5136198 5616.17514464
2506.47821727 5636.68818674
2514.72591434 5657.12020693
2523.25008655 5677.4712669
2532.0441094 5697.74142832
2541.10135843 5717.93075285
2550.41520916 5738.03930217
2559.97903711 5758.06713794
2569.7862178 5778.01432184
2579.83012676 5797.88091554
2590.10413951 5817.66698071
2600.60163158 5837.37257901
2611.31597848 5856.99777212
2622.24055575 5876.54262172
2633.3687389 5896.00718946
2644.69390345 5915.39153702
2656.20942494 5934.69572607
2667.90867888 5953.91981828
2679.7850408 5973.06387533
2691.83188622 5992.12795887
2704.04259066 6011.11213059
2716.41052964 6030.01645215
2728.9290787 6048.84098523
2741.59161335 6067.58579149
2754.39150912 6086.2509326
2767.32214153 6104.83647024
2780.3768861 6123.34246607
2793.54911836 6141.76898177
2806.83221382 6160.116079
2820.21954802 6178.38381944
2833.70449648 6196.57226476
2847.28043471 6214.68147662
2860.94073825 6232.7115167
2874.67878261 6250.66244667
2888.48794332 6268.5343282
2902.36159591 6286.32722296
2916.29311589 6304.04119262
2930.27587879 6321.67629885
2944.30326013 6339.23260332
2958.36869991 6356.71020255
2972.4681806 6374.11056727
2986.60100837 6391.43696469
3000.76671365 6408.69278321
3014.96482684 6425.88141125
3029.19487837 6443.00623721
3043.45639867 6460.07064952
3057.74891814 6477.07803656
3072.07196722 6494.03178677
3086.42507631 6510.93528854
3100.80777585 6527.79193029
3115.21959625 6544.60510043
3129.66006792 6561.37818737
3144.1287213 6578.11457951
3158.6250868 6594.81766527
3173.14869484 6611.49083307
3187.69907584 6628.1374713
3202.27576022 6644.76096838
3216.8782784 6661.36471272
3231.5061608 6677.95209273
3246.15893784 6694.52649682
3260.83613994 6711.0913134
3275.53729752 6727.64993088
3290.261941 6744.20573767
3305.00960081 6760.76212219
3319.77980735 6777.32247283
3334.57209105 6793.89017802
3349.38598234 6810.46862616
3364.22097686 6827.06120892
3379.0739697 6843.67156203
3393.93749698 6860.30373031
3408.80367871 6876.96179758
3423.66463492 6893.64984772
3438.51248562 6910.37196457
3453.33935084 6927.13223198
3468.1373506 6943.93473381
3482.89860491 6960.7835539
3497.6152338 6977.68277612
3512.27935728 6994.6364843
3526.88309538 7011.64876231
3541.41856811 7028.72369399
3555.8778955 7045.8653632
3570.25319756 7063.07785379
3584.53659431 7080.3652496
3598.72020578 7097.73163451
3612.79615198 7115.18109234
3626.75655294 7132.71770696
3640.59352867 7150.34556222
3654.29919919 7168.06874197
3667.86568453 7185.89133007
3681.28510469 7203.81741036
3694.54957971 7221.85106669
3707.6512296 7239.99638292
3720.58217439 7258.2574429
3733.33453408 7276.63833049
3745.90042871 7295.14312953
3758.27197829 7313.77592387
3770.44130284 7332.54079738
3782.40052238 7351.44183389
3794.14175693 7370.48311726
3805.65712651 7389.66873135
3816.93875114 7409.00276001
3827.978754 7428.48927401
3838.76987531 7448.12979115
3849.30620711 7467.92023611
3859.58202053 7487.85579255
3869.59158672 7507.93164408
3879.32917682 7528.14297436
3888.78906197 7548.48496702
3897.96551332 7568.95280569
3906.85280201 7589.54167401
3915.44519918 7610.24675562
3923.73697598 7631.06323416
3931.72240354 7651.98629326
3939.39575301 7673.01111656
3946.75129554 7694.1328877
3953.78330226 7715.34679031
3960.48604432 7736.64800804
3966.85379285 7758.03172451
3972.88081901 7779.49312336
3978.56139394 7801.02738824
3983.88978878 7822.62970278
3988.86027466 7844.29525061
3993.46712274 7866.01921538
3997.70460416 7887.79678071
4001.56699005 7909.62313026
4005.04855156 7931.49344764
4008.14355984 7953.40291651
4010.84628603 7975.34672049
4013.15100127 7997.32004323
4015.05197669 8019.31806836
4016.54348346 8041.33597952
4017.61979269 8063.36896035
4018.27517555 8085.41219448
4018.50390318 8107.46086555
4018.3002467 8129.51015719
4017.65847728 8151.55525305
4016.57286604 8173.59133676
4015.03768414 8195.61359195
4013.04720272 8217.61720227
4010.59569291 8239.59735135
4007.67742586 8261.54922284
4004.28667272 8283.46800035
4000.41770462 8305.34886754
3996.06479271 8327.18700804
3991.22220814 8348.97760548
3985.88422204 8370.71584351
3980.04510555 8392.39690576
3973.69914724 8414.01596376
3966.84482173 8435.56527972
3959.49019844 8457.03044738
3951.64468555 8478.3961301
3943.31769122 8499.64699119
3934.51862363 8520.767694
3925.25689092 8541.74290185
3915.54190128 8562.55727808
3905.38306285 8583.19548603
3894.78978382 8603.64218903
3883.77147235 8623.88205042
3872.3375366 8643.89973352
3860.49738474 8663.67990167
3848.26042493 8683.20721821
3835.63606534 8702.46634647
3822.63371414 8721.44194978
3809.26277948 8740.11869147
3795.53266955 8758.48123489
3781.4527925 8776.51424337
3767.03255649 8794.20238023
3752.2813697 8811.53030882
3737.20864029 8828.48269246
3721.82377643 8845.0441945
3706.13618627 8861.19947826
3690.155278 8876.93320708
3673.89045499 8892.2300767
3657.35018706 8907.08111746
3640.54089865 8921.49123823
3623.46874317 8935.46718686
3606.13987402 8949.01571122
3588.56044463 8962.14355919
3570.73660839 8974.85747862
3552.67451873 8987.16421738
3534.38032904 8999.07052334
3515.86019274 9010.58314436
3497.12026325 9021.7088283
3478.16669396 9032.45432304
3459.00563829 9042.82637644
3439.64324965 9052.83173636
3420.08568145 9062.47715067
3400.3390871 9071.76936723
3380.40962001 9080.71513392
3360.30343359 9089.32119859
3340.02668125 9097.59430911
3319.5855164 9105.54121335
3298.98609245 9113.16865916
3278.23456282 9120.48339443
3257.3370809 9127.49216701
3236.29980011 9134.20172477
3215.12887387 9140.61881557
3193.83045558 9146.75018728
3172.41069864 9152.60258776
3150.87575648 9158.18276489
3129.2317825 9163.49746652
3107.48493011 9168.55344052
3085.64135273 9173.35743476
3063.70720375 9177.9161971
3041.6886366 9182.23647541
3019.59180468 9186.32501755
2997.42286141 9190.18857139
2975.18796018 9193.8338848
2952.89325442 9197.26770563
2930.54489753 9200.49678176
2908.14904292 9203.52786105
2885.71184401 9206.36769136
2863.23945419 9209.02302057
2840.7380269 9211.50059653
2818.21371552 9213.80716712
2795.67267348 9215.94948019
2773.12105418 9217.93428361
2750.56501104 9219.76832526
2728.01069745 9221.45835299
2705.46418504 9223.01102746
2682.9287252 9224.43000284
2660.40410145 9225.71523636
2637.88988423 9226.86645809
2615.38564399 9227.8833981
2592.89095115 9228.76578645
2570.40537616 9229.51335321
2547.92848945 9230.12582846
2525.45986147 9230.60294227
2502.99906266 9230.94442469
2480.54566345 9231.15000581
2458.09923428 9231.21941569
2435.65934559 9231.15238439
2413.22556782 9230.94864199
2390.79747141 9230.60791857
2368.3746268 9230.12994417
2345.95660442 9229.51444888
2323.54297472 9228.76116277
2301.13330813 9227.8698159
2278.72717509 9226.84013834
2256.32414605 9225.67186017
2233.92379144 9224.36471144
2211.52568169 9222.91842223
2189.12938726 9221.33272262
2166.73447857 9219.60734266
2144.34052606 9217.74201242
2121.94710018 9215.73646198
2099.55377137 9213.59042141
2077.16011006 9211.30362077
2054.76568668 9208.87579013
2032.37007169 9206.30665957
2009.97283552 9203.59595914
1987.5735486 9200.74341893
1965.17178138 9197.74876899
1942.7671043 9194.6117394
1920.35920577 9191.33194287
1897.95189178 9187.90489606
1875.55406068 9184.3210499
1853.17492655 9180.57054127
1830.82370342 9176.64350704
1808.50960538 9172.53008409
1786.24184646 9168.22040929
1764.02964074 9163.70461953
1741.88220228 9158.97285167
1719.80874513 9154.01524259
1697.81848335 9148.82192916
1675.92063101 9143.38304827
1654.12440216 9137.68873678
1632.43901086 9131.72913157
1610.87367118 9125.49436953
1589.43759716 9118.97458751
1568.14000288 9112.1599224
1546.99010239 9105.04051108
1525.99710976 9097.60649041
1505.17023903 9089.84799728
1484.51870427 9081.75516856
1464.05171955 9073.31814112
1443.77849892 9064.52705185
1423.70825643 9055.37203761
1403.85020616 9045.84323528
1384.21356215 9035.93078174
1364.80753848 9025.62481386
1345.64134919 9014.91546852
1326.72420836 9003.79288259
1308.06521655 8992.24768146
1289.67127528 8980.27995689
1271.54729373 8967.89837723
1253.69810904 8955.11192085
1236.12855835 8941.92956613
1218.8434788 8928.36029146
1201.84770754 8914.4130752
1185.14608171 8900.09689574
1168.74343846 8885.42073146
1152.64461492 8870.39356072
1136.85444825 8855.02436192
1121.37777559 8839.32211342
1106.21943408 8823.29579362
1091.38426086 8806.95438087
1076.87709308 8790.30685357
1062.70276788 8773.36219008
1048.86612241 8756.12936879
1035.37199381 8738.61736808
1022.22521922 8720.83516632
1009.43063579 8702.79174189
996.993080661 8684.49607316
984.917390978 8665.95713853
973.208403884 8647.18391636
961.870956523 8628.18538503
950.909886039 8608.97052292
940.330029575 8589.5483084
930.136223101 8569.92771954
920.330754158 8550.11703731
910.907966048 8530.12236967
901.860658443 8509.94940234
893.181631018 8489.60382103
884.863683445 8469.09131149
876.899615398 8448.41755942
869.28222655 8427.58825056
862.004316575 8406.60907062
855.058685144 8385.48570533
848.438131932 8364.22384041
842.135456612 8342.82916159
836.143458858 8321.30735458
830.454938341 8299.66410511
825.062694736 8277.90509891
819.959527717 8256.03602169
815.138236955 8234.06255918
810.591622124 8211.99039711
806.312482898 8189.82522119
802.29361895 8167.57271715
798.527829953 8145.23857071
795.00791558 8122.82846759
791.726675505 8100.34809353
788.6769094 8077.80313423
785.85141694 8055.19927543
783.242997796 8032.54220284
780.844451643 8009.8376022
778.648578154 7987.09115921
776.648177002 7964.30855962
774.83604786 7941.49548913
773.204990401 7918.65763347
771.747804299 7895.80067837
770.457289227 7872.93030955
769.326244858 7850.05221273
768.347470865 7827.17207363
767.513766922 7804.29557798
766.817932702 7781.42841151
766.252767878 7758.57625992
765.811072123 7735.74480895
765.485645111 7712.93974432
765.269286515 7690.16675175
765.154796007 7667.43151697
