772.382704212 7647.61262817
772.321399888 7624.80250905
772.263125394 7602.01918878
772.207854113 7579.262208
772.155559428 7556.53110735
772.106214723 7533.82542748
772.059793381 7511.14470901
772.016268784 7488.48849259
771.975614316 7465.85631886
771.937803359 7443.24772846
771.902809298 7420.66226202
771.870605515 7398.09946019
771.841165394 7375.55886361
771.814462317 7353.0400129
771.790469667 7330.54244872
771.769160829 7308.06571171
771.750509184 7285.60934249
771.734488117 7263.17288171
771.721071009 7240.75587002
771.710231245 7218.35784804
771.701942208 7195.97835642
771.69617728 7173.61693579
771.692909845 7151.27312681
771.692113285 7128.94647009
771.693760985 7106.6365063
771.697826327 7084.34277605
771.704282694 7062.06482
771.71310347 7039.80217878
771.724262038 7017.55439303
771.73773178 6995.32100339
771.75348608 6973.1015505
771.771498321 6950.895575
771.791741886 6928.70261753
771.814190158 6906.52221872
771.838816521 6884.35391922
771.865594358 6862.19725967
771.894497051 6840.0517807
771.925497984 6817.91702295
771.958570541 6795.79252707
771.993688103 6773.67783368
772.030824054 6751.57248344
772.069951778 6729.47601698
772.111044658 6707.38797494
772.154076076 6685.30789795
772.199019416 6663.23532666
772.245848061 6641.16980171
772.294535395 6619.11086374
772.345054799 6597.05805338
772.397379658 6575.01091127
772.451483355 6552.96897806
772.507339272 6530.93179438
772.564920793 6508.89890087
772.624201301 6486.86983818
772.685154179 6464.84414693
772.74775281 6442.82136777
772.811970578 6420.80104134
772.877780865 6398.78270828
772.945157055 6376.76590922
773.01407253 6354.75018481
773.084500675 6332.73507569
773.156414872 6310.72012248
773.229788504 6288.70486585
773.304594954 6266.68884641
773.380807606 6244.67160481
773.458399842 6222.6526817
773.537345046 6200.63161771
773.617616601 6178.60795347
773.699187891 6156.58122963
773.782032297 6134.55098683
773.866123204 6112.51676571
773.951433994 6090.4781069
774.037938051 6068.43455105
774.125608758 6046.38563879
774.214419497 6024.33091076
774.304343653 6002.26990761
774.395354608 5980.20216996
774.487425745 5958.12723847
774.580530447 5936.04465377
774.674642098 5913.95395649
774.769734081 5891.85468729
774.865779779 5869.74638679
774.962752575 5847.62859564
775.060625852 5825.50085447
775.159372993 5803.36270392
775.258971226 5781.21371113
775.359453601 5759.05382785
775.460895291 5736.88329608
775.563372504 5714.70236496
775.666961448 5692.51128361
775.771738333 5670.31030116
775.877779365 5648.09966676
775.985160755 5625.87962952
776.093958709 5603.65043859
776.204249437 5581.41234309
776.316109146 5559.16559216
776.429614046 5536.91043492
776.544840343 5514.64712052
776.661864248 5492.37589807
776.780761967 5470.09701673
776.90160971 5447.8107256
777.024483684 5425.51727384
777.149460099 5403.21691056
777.276615162 5380.90988491
777.406025082 5358.59644601
777.537766067 5336.276843
777.671914325 5313.951325
777.808546066 5291.62014115
777.947737496 5269.28354059
778.089564825 5246.94177244
778.234104261 5224.59508583
778.381432012 5202.2437299
778.531624286 5179.88795378
778.684757293 5157.5280066
778.840907239 5135.1641375
779.000150334 5112.7965956
779.162562786 5090.42563003
779.328220804 5068.05148994
779.497200595 5045.67442445
779.669578368 5023.29468269
779.845430331 5000.91251379
780.024832693 4978.52816689
780.207861662 4956.14189112
780.394593446 4933.75393561
780.585104254 4911.36454949
780.779470294 4888.9739819
780.977767775 4866.58248196
781.180072904 4844.19029882
781.38646189 4821.79768159
781.597010941 4799.40487941
781.811796267 4777.01214142
782.030894074 4754.61971675
782.254380572 4732.22785452
782.482331969 4709.83680387
782.714824473 4687.44681394
782.951934292 4665.05813385
783.193737636 4642.67101273
783.440310711 4620.28569973
783.691729727 4597.90244396
783.948070892 4575.52149456
784.209410414 4553.14310067
784.475824501 4530.76751142
784.747389363 4508.39497593
785.024181207 4486.02574334
785.306276241 4463.66006278
785.593750675 4441.29818338
785.886680715 4418.94035429
786.185142572 4396.58682461
786.489212452 4374.2378435
786.798966565 4351.89366008
787.114481118 4329.55452348
787.435706705 4307.22062865
787.762095275 4284.8919554
788.092975065 4262.56843018
788.427674311 4240.24997946
788.765521251 4217.93652967
789.10584412 4195.62800727
789.447971156 4173.32433871
789.791230595 4151.02545045
790.134950675 4128.73126892
790.47845963 4106.44172059
790.821085699 4084.15673191
791.162157119 4061.87622932
791.501002124 4039.60013927
791.836948953 4017.32838823
792.169325842 3995.06090263
792.497461028 3972.79760894
792.820682747 3950.53843359
793.138319236 3928.28330305
793.449698732 3906.03214375
793.754149472 3883.78488217
794.050999691 3861.54144473
794.339577627 3839.30175791
794.619211517 3817.06574814
794.889229596 3794.83334188
795.148960103 3772.60446558
795.397731273 3750.37904568
795.634871343 3728.15700865
795.85970855 3705.93828093
796.07157113 3683.72278898
796.269787321 3661.51045924
796.453685358 3639.30121816
796.622593479 3617.0949922
796.77583992 3594.89170781
796.912752918 3572.69129144
797.03266071 3550.49366953
797.134891532 3528.29876855
797.218773621 3506.10651494
797.283635214 3483.91683515
797.328804546 3461.72965564
797.353609856 3439.54490284
797.35737938 3417.36250323
797.339441353 3395.18238324
797.299124014 3373.00446933
797.235755599 3350.82868795
797.148664344 3328.65496555
797.037178485 3306.48322858
796.900626261 3284.31340349
796.738335907 3262.14541673
796.54963566 3239.97919476
796.333853757 3217.81466402
796.090318434 3195.65175097
795.818357929 3173.49038205
795.517300477 3151.33048373
795.186474316 3129.17198244
794.825207682 3107.01480465
794.432828811 3084.85887679
794.008665942 3062.70412533
793.552047309 3040.55047671
793.06230115 3018.39785738
792.538755702 2996.2461938
791.980739201 2974.09541242
791.387579884 2951.94543968
790.758605988 2929.79620204
790.093145748 2907.64762596
789.390527403 2885.49963787
788.650079189 2863.35216423
787.871129341 2841.2051315
787.053006098 2819.05846612
786.195037695 2796.91209455
785.29655237 2774.76594323
784.356878358 2752.61993861
783.375343898 2730.47400716
782.351277225 2708.32807531
781.284006575 2686.18206953
780.172860187 2664.03591625
779.017166296 2641.88954194
777.816253139 2619.74287304
776.569448953 2597.595836
775.276081974 2575.44835728
773.935480439 2553.30036333
772.546972585 2531.15178059
771.109886649 2509.00253552
769.623778186 2486.85254611
768.097641818 2464.70137905
766.553093952 2442.54813127
765.012631755 2420.39186694
763.498752394 2398.23165021
762.033953035 2376.06654524
760.640730846 2353.89561618
759.341582993 2331.71792719
758.159006643 2309.53254243
757.115498963 2287.33852606
756.23355712 2265.13494222
755.535678281 2242.92085509
755.044359612 2220.69532881
754.78209828 2198.45742755
754.771391453 2176.20621546
755.034736296 2153.94075669
755.594629978 2131.66011541
756.473569664 2109.36335577
757.694052521 2087.04954193
759.278575717 2064.71773804
761.249636418 2042.36700827
763.629731791 2019.99641677
766.441359002 1997.60502769
769.70701522 1975.19190519
773.447001776 1952.75731377
777.663479 1930.31143447
782.349662672 1907.86933782
787.498705695 1885.44612868
793.103760968 1863.05691192
799.157981392 1840.71679243
805.65451987 1818.44087508
812.586529301 1796.24426475
819.947162586 1774.14206631
827.729572627 1752.14938464
835.926912324 1730.28132461
844.532334578 1708.5529911
853.538992291 1686.97948899
862.940038362 1665.57592315
872.728625693 1644.35739846
882.897907185 1623.33901979
893.441035739 1602.53589203
904.351164256 1581.96312004
915.621445636 1561.6358087
927.245032781 1541.56906289
939.215078591 1521.77798748
951.524735968 1502.27768735
964.167157812 1483.08326738
977.135497024 1464.20983244
990.422906505 1445.67248741
1004.02253916 1427.48633716
1017.92754788 1409.66648658
1032.13108557 1392.22804052
1046.62630843 1375.18606731
1061.4069074 1358.54968843
1076.46769529 1342.31555027
1091.80362619 1326.47872773
1107.40965421 1311.03429571
1123.28073346 1295.97732909
1139.41181804 1281.30290276
1155.79786206 1267.00609163
1172.43381963 1253.08197057
1189.31464484 1239.52561449
1206.43529181 1226.33209828
1223.79071465 1213.49649682
1241.37586745 1201.01388501
1259.18570433 1188.87933775
1277.2151794 1177.08792992
1295.45924674 1165.63473641
1313.91286049 1154.51483212
1332.57097473 1143.72329195
1351.42854357 1133.25519077
1370.48052113 1123.10560349
1389.72186151 1113.269605
1409.14751881 1103.74227018
1428.75244714 1094.51867394
1448.5316006 1085.59389116
1468.47993331 1076.96299673
1488.59239936 1068.62106556
1508.86395287 1060.56317252
1529.28954793 1052.78439251
1549.86413867 1045.27980043
1570.58267917 1038.04447117
1591.44012356 1031.07347961
1612.43142592 1024.36190065
1633.55154038 1017.90480918
1654.79542103 1011.6972801
1676.15802199 1005.7343883
1697.63429735 1000.01120866
1719.21920123 994.522816089
1740.90768773 989.264285467
1762.69471095 984.230691691
1784.57522501 979.417109652
1806.544184 974.818614243
1828.59654204 970.430280355
1850.72725323 966.247182881
1872.93127168 962.264396713
1895.20355148 958.476996743
1917.53904676 954.880057863
1939.93271161 951.468654965
1962.37950015 948.237862942
1984.87436647 945.182756685
2007.41226468 942.298411087
2029.98814889 939.57990104
2052.59697321 937.022301436
2075.23369173 934.620687166
2097.89325858 932.370133125
2120.57062784 930.265714202
2143.26075364 928.302505291
2165.95859007 926.475581284
2188.65909124 924.780017072
2211.35721126 923.210887548
2234.04790423 921.763267605
2256.72612426 920.432232133
2279.38682546 919.212856026
2302.02496193 918.100214176
2324.63548778 917.089381474
2347.21335711 916.175432812
2369.75352403 915.353443088
2392.25218204 914.619538258
2414.71025199 913.973853342
2437.1297817 913.417479073
2459.51281898 912.951506187
2481.86141163 912.577025418
2504.17760747 912.295127499
2526.4634543 912.106903165
2548.72099995 912.013443149
2570.95229221 912.015838188
2593.15937889 912.115179013
2615.34430782 912.31255636
2637.50912679 912.609060964
2659.65588363 913.005783557
2681.78662613 913.503814874
2703.90340211 914.10424565
2726.00825938 914.808166619
2748.10324576 915.616668514
2770.19040904 916.53084207
2792.27179704 917.551778022
2814.34945758 918.680567104
2836.42543845 919.918300049
2858.50178748 921.266067591
2880.58055247 922.724960466
2902.66378123 924.296069408
2924.75352158 925.98048515
2946.85182131 927.779298426
2968.96072826 929.693599972
2991.08229021 931.72448052
3013.21855499 933.873030806
3035.3715704 936.140341563
3057.54338426 938.527503527
3079.73604438 941.03560743
3101.95159855 943.665744007
3124.19209461 946.419003993
3146.45958035 949.296478121
3168.75610359 952.299257126
3191.08370529 955.428438396
3213.44038569 958.689048724
3235.81329884 962.096662267
3258.18779783 965.668604541
3280.54923572 969.422201062
3302.88296558 973.374777346
3325.1743405 977.543658909
3347.40871354 981.946171267
3369.57143778 986.599639935
3391.6478663 991.521390431
3413.62335217 996.72874827
3435.48324846 1002.23903897
3457.21290826 1008.06958804
3478.79768462 1014.23772101
3500.22293064 1020.76076338
3521.47399937 1027.65604067
3542.53624391 1034.94087841
3563.39501732 1042.6326021
3584.03567267 1050.74853726
3604.44356304 1059.3060094
3624.60404151 1068.32234405
3644.50251267 1077.81474772
3664.12838858 1087.79117052
3683.47788623 1098.24384453
3702.54788331 1109.1634758
3721.33525751 1120.54077039
3739.83688651 1132.36643434
3758.04964798 1144.63117371
3775.97041962 1157.32569454
3793.5960791 1170.44070289
3810.92350412 1183.96690482
3827.94957234 1197.89500636
3844.67116146 1212.21571357
3861.08514915 1226.91973251
3877.18841311 1241.99776923
3892.977831 1257.44052977
3908.45028053 1273.23872018
3923.60263936 1289.38304653
3938.43178518 1305.86421485
3952.93459567 1322.6729312
3967.10794852 1339.79990164
3980.94872141 1357.23583221
3994.45379203 1374.97142896
4007.62003804 1392.99739794
4020.44433715 1411.30444522
4032.92356702 1429.88327683
4045.05460535 1448.72459883
4056.83432982 1467.81911726
4068.2596181 1487.15753819
4079.32734789 1506.73056767
4090.03439686 1526.52891173
4100.3776427 1546.54327644
4110.35396309 1566.76436785
4119.96023571 1587.182892
4129.19333825 1607.78955495
4138.05014838 1628.57506275
4146.5275438 1649.53012145
4154.62240218 1670.6454371
4162.33160121 1691.91171576
4169.65201857 1713.31966347
4176.58053194 1734.85998628
4183.11401901 1756.52339025
4189.24935745 1778.30058143
4194.98342496 1800.18226587
4200.31309921 1822.15914962
4205.23525789 1844.22193872
4209.74677867 1866.36133924
4213.84453925 1888.56805723
4217.5254173 1910.83279873
4220.78629052 1933.14626979
4223.62403657 1955.49917647
4226.03553315 1977.88222482
4228.01765793 2000.28612089
4229.5672886 2022.70157073
4230.68130284 2045.11928039
4231.35657834 2067.52995593
4231.58999278 2089.92430338
4231.37842384 2112.29302882
4230.7187492 2134.62683828
4229.60784654 2156.91643782
4228.04259356 2179.15253348
4226.01986792 2201.32583133
4223.53654733 2223.42703741
4220.58950944 2245.44685777
4217.1760119 2267.37622855
4213.30032524 2289.21033295
4208.97289033 2310.94809088
4204.20435853 2332.58854977
4199.00538122 2354.13075705
4193.38660979 2375.57376014
4187.3586956 2396.91660647
4180.93229004 2418.15834345
4174.11804449 2439.29801852
4166.92661031 2460.33467909
4159.36863889 2481.26737259
4151.4547816 2502.09514644
4143.19568983 2522.81704808
4134.60201495 2543.43212491
4125.68440833 2563.93942438
4116.45352136 2584.33799389
4106.92000541 2604.62688088
4097.09451185 2624.80513277
4086.98769207 2644.87179697
4076.61019745 2664.82592093
4065.97267935 2684.66655206
4055.08578917 2704.39273778
4043.96017826 2724.00352552
4032.60649802 2743.4979627
4021.03539982 2762.87509675
4009.25753503 2782.13397509
3997.28355504 2801.27364514
3985.12411122 2820.29315434
3972.78985495 2839.1915501
3960.2914376 2857.96787984
3947.63951056 2876.62119099
3934.84461299 2895.15058508
3921.91391368 2913.55678835
3908.85070349 2931.8423965
3895.6580589 2950.01010854
3882.33905643 2968.0626235
3868.89677257 2986.00264039
3855.33428383 3003.83285824
3841.65466671 3021.55597605
3827.8609977 3039.17469286
3813.95635331 3056.69170767
3799.94381004 3074.10971951
3785.82644439 3091.43142739
3771.60733286 3108.65953033
3757.28955195 3125.79672735
3742.87617817 3142.84571748
3728.37028801 3159.80919972
3713.77495798 3176.6898731
3699.09326457 3193.49043663
3684.32828429 3210.21358933
3669.48309364 3226.86203023
3654.56076912 3243.43845833
3639.56438723 3259.94557266
3624.49702447 3276.38607224
3609.36175734 3292.76265609
3594.16166235 3309.07802322
3578.89981599 3325.33487265
3563.57929476 3341.5359034
3548.20317517 3357.68381449
3532.77453372 3373.78130493
3517.29644691 3389.83107376
3501.77199124 3405.83581997
3486.20424321 3421.7982426
3470.59627932 3437.72104066
3454.95117608 3453.60691317
3439.27200997 3469.45855914
3423.56185752 3485.27867761
3407.8237952 3501.06996757
3392.06089954 3516.83512806
3376.27624702 3532.57685809
3360.47291415 3548.29785669
3344.65397743 3564.00082285
3328.82251336 3579.68845562
3312.98159845 3595.363454
3297.13430918 3611.02851702
3281.28372207 3626.68634368
3265.43291362 3642.33963302
3249.58496032 3657.99108404
3233.74293868 3673.64339578
3217.90992519 3689.29926723
3202.08899637 3704.96139744
3186.28322871 3720.6324854
3170.4956987 3736.31523015
3154.72948286 3752.01233069
3138.98765768 3767.72648605
3123.27329967 3783.46039525
3107.58948532 3799.21675731
3091.93929113 3814.99827123
3076.32579362 3830.80763605
3060.75206927 3846.64755078
3045.22119459 3862.52071443
3029.73624608 3878.42982603
3014.30030024 3894.3775846
2998.91643358 3910.36668915
2983.58772259 3926.39983871
2968.31724377 3942.47973228
2953.10807363 3958.60906889
2937.96328866 3974.79054756
2922.88596537 3991.02686731
2907.87950069 4007.32093583
2892.95052015 4023.67776351
2878.10751852 4040.10357811
2863.35901337 4056.60462223
2848.7135223 4073.18713848
2834.17956288 4089.85736947
2819.7656527 4106.6215578
2805.48030933 4123.4859461
2791.33205036 4140.45677696
2777.32939336 4157.540293
2763.48085592 4174.74273682
2749.79495562 4192.07035103
2736.28021005 4209.52937825
2722.94513678 4227.12606108
2709.79825339 4244.86664213
2696.84807747 4262.75736401
2684.10312659 4280.80446933
2671.57191834 4299.0142007
2659.26297031 4317.39280072
2647.18480006 4335.94651201
2635.34592519 4354.68157718
2623.75486327 4373.60423883
2612.42013188 4392.72073957
2601.35024861 4412.03732202
2590.55334716 4431.55930099
2580.03413416 4451.28370863
2569.79551458 4471.20322276
2559.84037738 4491.31048245
2550.17161149 4511.59812677
2540.79210587 4532.05879479
2531.70474946 4552.68512559
2522.91243121 4573.46975823
2514.41804005 4594.4053318
2506.22446495 4615.48448535
2498.33459484 4636.69985796
2490.75131867 4658.04408871
2483.47752538 4679.50981666
2476.51610393 4701.08968089
2469.86994325 4722.77632048
2463.5419323 4744.56237448
2457.53496001 4766.44048198
2451.85191534 4788.40328204
2446.49568723 4810.44341374
2441.46916463 4832.55351614
2436.77523647 4854.72622833
2432.41679172 4876.95418937
2428.39671931 4899.23003834
2424.71790819 4921.5464143
2421.3832473 4943.89595634
2418.3956256 4966.27130351
2415.75793202 4988.66509489
2413.47305552 5011.06996956
2411.54388503 5033.47856659
2409.97330951 5055.88352504
2408.76421791 5078.27748399
2407.91949915 5100.65308252
2407.4420422 5123.00295968
2407.334736 5145.31975457
2407.60046949 5167.59610624
2408.24213162 5189.82465377
2409.26261134 5211.99803623
2410.66479759 5234.10889269
2412.45157931 5256.14986223
2414.62584546 5278.11358392
2417.19046328 5299.99271409
2420.14534036 5321.78226433
2423.48444699 5343.48197102
2427.20104414 5365.092135
2431.28839278 5386.61305712
2435.73975388 5408.04503822
2440.54838841 5429.38837915
2445.70755733 5450.64338075
2451.21052161 5471.81034387
2457.05054223 5492.88956936
2463.22088015 5513.88135806
2469.71479634 5534.78601082
2476.52555177 5555.60382847
2483.64640741 5576.33511188
2491.07062422 5596.98016187
2498.79146318 5617.53927931
2506.80218526 5638.01276502
2515.09605142 5658.40091986
2523.66632262 5678.70404468
2532.50625985 5698.92244032
2541.60912407 5719.05640762
2550.96817625 5739.10624743
2560.57667735 5759.0722606
2570.42788835 5778.95474797
2580.51507021 5798.75401038
2590.83148391 5818.47034869
2601.3703904 5838.10406373
2612.12505067 5857.65545636
2623.08872568 5877.12482741
2634.25467639 5896.51247774
2645.61616378 5915.81870819
2657.16644882 5935.0438196
2668.89879247 5954.18811282
2680.8064557 5973.25188869
2692.88269949 5992.23544807
2705.12078479 6011.13909179
2717.51397259 6029.96312071
2730.05552384 6048.70783566
2742.73869952 6067.37353749
2755.55676059 6085.96052705
2768.50296803 6104.46910518
2781.5705828 6122.89957273
2794.75286587 6141.25223055
2808.04307821 6159.52737948
2821.43448079 6177.72532036
2834.92033458 6195.84635404
2848.49390054 6213.89078136
2862.14843965 6231.85890318
2875.87721288 6249.75102033
2889.67348119 6267.56743367
2903.53050554 6285.30844403
2917.44154692 6302.97435226
2931.39986629 6320.56545922
2945.39872461 6338.08206573
2959.43145116 6355.52450486
2973.49406819 6372.89437955
2987.58611845 6390.19495285
3001.70738224 6407.42959982
3015.85763982 6424.6016955
3030.03667148 6441.71461497
3044.2442575 6458.77173327
3058.48017816 6475.77642546
3072.74421374 6492.7320666
3087.03614452 6509.64203174
3101.35575078 6526.50969594
3115.7028128 6543.33843425
3130.07711087 6560.13162174
3144.47842525 6576.89263346
3158.90653623 6593.62484446
3173.3612241 6610.3316298
3187.84226913 6627.01636453
3202.3494516 6643.68242372
3216.8825518 6660.33318243
3231.44135 6676.97201569
3246.02562648 6693.60229858
3260.63516152 6710.22740615
3275.26973541 6726.85071345
3289.92912843 6743.47559554
3304.61312085 6760.10542748
3319.32149295 6776.74358432
3334.05402502 6793.39344112
3348.81049733 6810.05837294
3363.59065453 6826.74175544
3378.39157414 6843.4470105
3393.20586331 6860.17763739
3408.02570242 6876.93714277
3422.84327185 6893.72903333
3437.650752 6910.55681572
3452.44032326 6927.42399663
3467.204166 6944.33408271
3481.93446061 6961.29058063
3496.6233875 6978.29699707
3511.26312703 6995.3568387
3525.8458596 7012.47361219
3540.36376559 7029.65082419
3554.8090254 7046.8919814
3569.17381941 7064.20059046
3583.45032801 7081.58015806
3597.63073158 7099.03419086
3611.70721051 7116.56619553
3625.6719452 7134.17967874
3639.51711602 7151.87814717
3653.23490336 7169.66510747
3666.81748761 7187.54406633
3680.25704917 7205.5185304
3693.54576841 7223.59200636
3706.67582572 7241.76800088
3719.63940149 7260.05002063
3732.42867611 7278.44157227
3745.03582996 7296.94616248
3757.45304344 7315.56729792
3769.67249693 7334.30848527
3781.68637081 7353.1732312
3793.48684548 7372.16504236
3805.06610132 7391.28742545
3816.41631871 7410.54388711
3827.52968049 7429.93792335
3838.3988446 7449.47094444
3849.01750994 7469.13979129
3859.37951332 7488.94069938
3869.47869154 7508.86990419
3879.30888141 7528.92364121
3888.86391975 7549.09814593
3898.13764335 7569.38965382
3907.12388904 7589.79440037
3915.81649362 7610.30862107
3924.2092939 7630.9285514
3932.29612668 7651.65042684
3940.07082878 7672.47048288
3947.527237 7693.384955
3954.65918816 7714.39007868
3961.46051906 7735.48208941
3967.92506652 7756.65722268
3974.04666733 7777.91171396
3979.81915831 7799.24179875
3985.23637627 7820.64371252
3990.29215802 7842.11369076
3994.98034036 7863.64796895
3999.29476011 7885.24278258
4003.22925407 7906.89436713
4006.77765906 7928.59895809
4009.93381188 7950.35279094
4012.69154934 7972.15210115
4015.04470824 7993.99312423
4016.98712541 8015.87209565
4018.51263764 8037.78525089
4019.61508175 8059.72882544
4020.28829454 8081.69905479
4020.52611283 8103.69217441
4020.32237342 8125.70441979
4019.67091313 8147.73202642
4018.56556875 8169.77122978
4017.0001771 8191.81826535
4014.96857499 8213.86936862
4012.46459923 8235.92077507
4009.48208663 8257.96872019
4006.01487399 8280.00943945
4002.05679812 8302.03916835
3997.60169584 8324.05414236
3992.64340395 8346.05059698
3987.17575926 8368.02476768
3981.19259858 8389.97288995
3974.68777867 8411.89118185
3967.65995329 8433.7716725
3960.1187713 8455.59678962
3952.07541567 8477.34762131
3943.54106937 8499.00525563
3934.52691535 8520.55078067
3925.0441366 8541.96528451
3915.10391608 8563.22985522
3904.71743677 8584.32558089
3893.89588161 8605.2335496
3882.6504336 8625.93484943
3870.99227568 8646.41056846
3858.93259084 8666.64179476
3846.48256205 8686.60961642
3833.65337226 8706.29512152
3820.45620445 8725.67939813
3806.90224158 8744.74353434
3793.00266663 8763.46861823
3778.76866256 8781.83573788
3764.21141235 8799.82598136
3749.34209895 8817.42043676
3734.17190534 8834.60019216
3718.71201449 8851.34633563
3702.97360936 8867.63995526
3686.96787293 8883.46213913
3670.70597858 8898.79401689
3654.19722759 8913.6248428
3637.44681962 8927.9616715
3620.45941082 8941.81391627
3603.23965735 8955.1909904
3585.79221537 8968.10230719
3568.12174104 8980.55727992
3550.23289052 8992.56532189
3532.13031995 9004.13584637
3513.81868551 9015.27826668
3495.30264335 9026.00199608
3476.58684963 9036.31644787
3457.6759605 9046.23103535
3438.57463212 9055.7551718
3419.28752066 9064.89827051
3399.81928226 9073.66974477
3380.17457309 9082.07900787
3360.35804931 9090.13547311
3340.37436708 9097.84855376
3320.22818254 9105.22766312
3299.92415186 9112.28221448
3279.4669312 9119.02162114
3258.86117672 9125.45529637
3238.11154457 9131.59265347
3217.22269091 9137.44310573
3196.19927191 9143.01606644
3175.04594371 9148.32094888
3153.76736248 9153.36716636
3132.36818437 9158.16413215
3110.85306554 9162.72125955
3089.22666215 9167.04796185
3067.49363036 9171.15365233
3045.65862633 9175.04774429
3023.72630621 9178.73965102
3001.70132617 9182.23878581
2979.58834235 9185.55456194
2957.39201092 9188.6963927
2935.11698804 9191.67369139
2912.76792987 9194.4958713
2890.34949255 9197.17234571
2867.86633226 9199.71252792
2845.32310515 9202.12583121
2822.72446737 9204.42166887
2800.07507508 9206.6094542
2777.37958445 9208.69860048
2754.64265163 9210.69852101
2731.86893278 9212.61862907
2709.06306183 9214.46816204
2686.22890659 9216.25029276
2663.36939279 9217.96073681
2640.48738827 9219.59475152
2617.58576087 9221.14759425
2594.66737844 9222.61452235
2571.73510882 9223.99079316
2548.79181984 9225.27166404
2525.84037937 9226.45239234
2502.88365522 9227.5282354
2479.92451526 9228.49445058
2456.96582732 9229.34629522
2434.01045925 9230.07902668
2411.06127889 9230.6879023
2388.12115407 9231.16817943
2365.19295265 9231.51511543
2342.27954247 9231.72396764
2319.38379137 9231.78999341
2296.50856719 9231.7084501
2273.65673777 9231.47459505
2250.83117097 9231.08368561
2228.03473461 9230.53097913
2205.27029655 9229.81173297
2182.54072462 9228.92120446
2159.84888668 9227.85465096
2137.19765055 9226.60732983
2114.58988409 9225.1744984
2092.02845514 9223.55141404
2069.51623155 9221.73333408
2047.05608114 9219.71551588
2024.65087177 9217.49321679
2002.30347128 9215.06169416
1980.01674751 9212.41620533
1957.79356831 9209.55200766
1935.63680151 9206.4643585
1913.54931497 9203.1485152
1891.53397652 9199.5997351
1869.593654 9195.81327556
1847.73121527 9191.78439392
1825.94952815 9187.50834754
1804.2514605 9182.98039377
1782.63988016 9178.19578994
1761.11765497 9173.14979343
1739.68765277 9167.83766156
1718.35274141 9162.2546517
1697.11578873 9156.39602119
1675.97966257 9150.25702739
1654.94723077 9143.83292764
1634.02136118 9137.11897929
1613.20492164 9130.11043969
1592.50077999 9122.80256619
1571.91180408 9115.19061615
1551.44086175 9107.2698469
1531.09082084 9099.03551581
1510.86454919 9090.48288021
1490.76491466 9081.60719747
1470.79478507 9072.40372492
1450.95702827 9062.86771992
1431.25451211 9052.99443982
1411.69010443 9042.77914197
1392.26667307 9032.21708372
1372.98708587 9021.30352242
1353.85421068 9010.03371541
1334.87091534 8998.40292005
1316.04031955 8986.40668997
1297.37042348 8974.04632013
1278.87364901 8961.3283072
1260.5625779 8948.25933587
1242.44979187 8934.84609083
1224.54787266 8921.09525676
1206.86940201 8907.01351836
1189.42696165 8892.60756031
1172.23313332 8877.88406731
1155.30049875 8862.84972405
1138.64163969 8847.51121522
1122.26913787 8831.87522551
1106.19557502 8815.94843961
1090.43353288 8799.7375422
1074.99559319 8783.24921798
1059.89433768 8766.49015165
1045.14234809 8749.46702788
1030.75220615 8732.18653137
1016.73649361 8714.65534681
1003.10779219 8696.88015889
989.87868364 8678.8676523
977.061749686 8660.62451173
964.669572068 8642.15742187
952.714732522 8623.47306741
941.209812784 8604.57813304
930.16739459 8585.47930346
919.600057327 8566.1832632
909.515284132 8546.69638001
899.904671549 8527.0240341
890.756729234 8507.17141379
882.05996684 8487.14370739
873.802894022 8466.94610321
865.974020435 8446.58378957
858.561855733 8426.06195479
851.554909571 8405.38578718
844.941691603 8384.56047506
838.710711484 8363.59120674
832.850478867 8342.48317054
827.349503409 8321.24155477
822.196294762 8299.87154775
817.379362582 8278.37833779
812.887216523 8256.76711322
808.70836624 8235.04306234
804.831321387 8213.21137347
801.244591618 8191.27723493
797.936686588 8169.24583503
794.896115952 8147.12236209
792.111389364 8124.91200442
789.571016478 8102.61995034
787.26350695 8080.25138816
785.177370433 8057.81150621
783.301116582 8035.30549278
781.623255051 8012.73853621
780.132295495 7990.11582481
778.816747569 7967.44254688
777.665120927 7944.72389075
776.665925223 7921.96504474
775.807670112 7899.17119715
775.078865249 7876.34753631
774.468020288 7853.49925052
773.963644883 7830.63152811
773.554248688 7807.74955739
773.22834136 7784.85852668
772.974432551 7761.96362428
772.781031916 7739.07003853
772.63664911 7716.18295772
772.529793788 7693.30757018
772.448975604 7670.44906423
772.382704212 7647.61262817
