772.040780429 7652.13645992
771.657123223 7629.30616068
771.287335822 7606.49057908
770.931277605 7583.68957675
770.588807948 7560.90301532
770.259786231 7538.1307564
769.944071832 7515.37266161
769.641524129 7492.62859258
769.352002501 7469.89841094
769.075366325 7447.1819783
768.81147498 7424.47915629
768.560187844 7401.78980652
768.321364296 7379.11379063
768.094863713 7356.45097023
767.880545474 7333.80120695
767.678268958 7311.16436241
767.487893541 7288.54029823
767.309278604 7265.92887604
767.142283523 7243.32995745
766.986767678 7220.7434041
766.842590446 7198.16907759
766.709611205 7175.60683956
766.587689335 7153.05655163
766.476684213 7130.51807541
766.376455217 7107.99127254
766.286861726 7085.47600464
766.207763118 7062.97213332
766.139018771 7040.47952021
766.080488064 7017.99802693
766.032030375 6995.52751511
765.993505081 6973.06784637
765.964771562 6950.61888232
765.945689195 6928.1804846
765.936117359 6905.75251483
765.935915432 6883.33483462
765.944942793 6860.9273056
765.963058818 6838.5297894
765.990122888 6816.14214763
766.02599438 6793.76424191
766.070532672 6771.39593388
766.123597142 6749.03708515
766.18504717 6726.68755735
766.254742132 6704.34721209
766.332541408 6682.01591101
766.418304375 6659.69351572
766.511890413 6637.37988784
766.613158898 6615.074889
766.721969209 6592.77838083
766.838180726 6570.49022493
766.961652825 6548.21028294
767.092244885 6525.93841648
767.229816284 6503.67448717
767.374226402 6481.41835664
767.525334615 6459.1698865
767.683000302 6436.92893837
767.847082842 6414.69537389
768.017441612 6392.46905467
768.193935991 6370.24984234
768.376425357 6348.03759852
768.564769089 6325.83218483
768.758826564 6303.63346289
768.958457162 6281.44129433
769.163520259 6259.25554076
769.373875235 6237.07606382
769.589381468 6214.90272512
769.809898335 6192.73538629
770.035285216 6170.57390895
770.265401488 6148.41815471
770.50010653 6126.26798522
770.73925972 6104.12326207
770.982720436 6081.98384691
771.230348057 6059.84960135
771.48200196 6037.72038701
771.737541525 6015.59606552
771.996826128 5993.4764985
772.259715149 5971.36154757
772.526067966 5949.25107435
772.795743957 5927.14494048
773.0686025 5905.04300756
773.344502974 5882.94513722
773.623304757 5860.85119108
773.904867226 5838.76103078
774.189049761 5816.67451792
774.475711739 5794.59151413
774.764712539 5772.51188104
775.05591154 5750.43548027
775.349168118 5728.36217343
775.644341653 5706.29182216
775.941291523 5684.22428807
776.239877106 5662.15943279
776.539957781 5640.09711794
776.841392925 5618.03720514
777.144041916 5595.97955602
777.447764134 5573.92403219
777.752418957 5551.87049528
778.057865762 5529.81880692
778.363963927 5507.76882872
778.670572832 5485.72042231
778.977551854 5463.6734493
779.284760372 5441.62777133
779.592057764 5419.58325002
779.899303408 5397.53974698
780.206356683 5375.49712384
780.513076966 5353.45524223
780.819323636 5331.41396376
781.124956071 5309.37315006
781.429833649 5287.33266275
781.73381575 5265.29236345
782.03676175 5243.25211378
782.338531028 5221.21177538
782.638982963 5199.17120985
782.937976932 5177.13027883
783.235372315 5155.08884393
783.531028489 5133.04676678
783.824804832 5111.00390901
784.116560723 5088.96013222
784.40615554 5066.91529805
784.693448661 5044.86926812
784.978299465 5022.82190405
785.260567329 5000.77306746
785.540111632 4978.72261998
785.816791753 4956.67042322
786.090467069 4934.61633882
786.360996959 4912.56022839
786.628240801 4890.50195356
786.892057974 4868.44137594
787.152307854 4846.37835717
787.408849822 4824.31275886
787.661543255 4802.24444263
787.910247531 4780.17327012
788.154822028 4758.09910293
788.395126126 4736.0218027
788.631019201 4713.94123104
788.862360633 4691.85724959
789.089009799 4669.76971995
789.310826079 4647.67850376
789.527668849 4625.58346263
789.739397489 4603.4844582
789.945871376 4581.38135207
790.146949889 4559.27400588
790.342492406 4537.16228124
790.532358306 4515.04603979
790.716406966 4492.92514313
790.894497765 4470.7994529
791.066490082 4448.66883072
791.232243293 4426.53313821
791.391616779 4404.39223698
791.544469916 4382.24598867
791.690662084 4360.0942549
791.830052659 4337.93689729
791.962508549 4315.77380648
792.087926534 4293.60498837
792.20621081 4271.43047739
792.317265573 4249.25030803
792.420995017 4227.06451475
792.517303339 4204.873132
792.606094733 4182.67619425
792.687273394 4160.47373596
792.760743519 4138.26579161
792.826409301 4116.05239564
792.884174937 4093.83358252
792.933944621 4071.60938672
792.975622549 4049.3798427
793.009112916 4027.14498493
793.034319918 4004.90484786
793.05114775 3982.65946595
793.059500606 3960.40887369
793.059282683 3938.15310551
793.050398175 3915.8921959
793.032751278 3893.6261793
793.006246187 3871.35509019
792.970787097 3849.07896303
792.926278204 3826.79783228
792.872623702 3804.51173241
792.809727788 3782.22069787
792.737494656 3759.92476313
792.655828502 3737.62396266
792.564633521 3715.31833091
792.463813908 3693.00790236
792.353273858 3670.69271146
792.232917567 3648.37279267
792.10264923 3626.04818046
791.962373043 3603.7189093
791.811993199 3581.38501364
791.651413896 3559.04652796
791.480539328 3536.7034867
791.29927369 3514.35592434
791.107521177 3492.00387534
790.905185986 3469.64737416
790.69217231 3447.28645527
790.468384346 3424.92115313
790.233726289 3402.55150219
789.988102333 3380.17753693
789.731416675 3357.79929181
789.463573509 3335.41680129
789.184477031 3313.03009984
788.894031436 3290.63922191
788.592140919 3268.24420197
788.278709676 3245.84507449
787.953641902 3223.44187392
787.616841791 3201.03463474
787.26821354 3178.62339139
786.907661344 3156.20817836
786.535089397 3133.78903009
786.150401896 3111.36598105
785.753503035 3088.93906571
785.34429701 3066.50831854
784.922688016 3044.07377398
784.488580247 3021.63546651
784.041877901 2999.19343058
783.582485171 2976.74770067
783.110306253 2954.29831124
782.625245343 2931.84529674
782.127206635 2909.38869164
781.616094325 2886.92853041
781.091812608 2864.4648475
780.554265679 2841.99767739
780.003357734 2819.52705453
779.438992968 2797.05301339
778.861075576 2774.57558842
778.269509753 2752.09481411
777.664199696 2729.61072489
777.045049598 2707.12335525
776.411963655 2684.63273964
775.764846063 2662.13891253
775.103601017 2639.64190838
774.428132711 2617.14176165
773.738345343 2594.6385068
773.034143105 2572.1321783
772.315430195 2549.62281062
771.582110806 2527.11043821
770.834089135 2504.59509554
770.071441151 2482.0768277
769.301375454 2459.55612113
768.540638303 2437.03405241
767.806641501 2414.51173932
767.116796851 2391.99029963
766.488516157 2369.47085112
765.939211223 2346.95451157
765.486293851 2324.44239873
765.147175846 2301.93563039
764.939269012 2279.43532432
764.879985151 2256.94259829
764.986736067 2234.45857008
765.276933564 2211.98435746
765.767989445 2189.5210782
766.477315514 2167.06985008
767.422323575 2144.63179086
768.62042543 2122.20801833
770.089032884 2099.79965026
771.84555774 2077.40780441
773.907411801 2055.03359857
776.292006871 2032.6781505
779.016754754 2010.34257798
782.099067253 1988.02799879
785.556356172 1965.73553069
789.40452099 1943.46714555
793.646967033 1921.23187134
798.2809393 1899.04221511
803.303639483 1876.91070835
808.712269271 1854.84988256
814.504030357 1832.87226924
820.676124431 1810.99039989
827.225753184 1789.216806
834.150118308 1767.56401908
841.446421494 1746.04457061
849.111864433 1724.6709921
857.143648816 1703.45581505
865.538976334 1682.41157096
874.295048678 1661.55079131
883.409067539 1640.88600762
892.878234608 1620.42975138
902.699751578 1600.19455408
912.870820137 1580.19294723
923.388641979 1560.43746232
934.250418793 1540.94063085
945.453352271 1521.71498433
956.994644104 1502.77305423
968.871495984 1484.12737208
981.0811096 1465.79046935
993.620686645 1447.77487756
1006.48742881 1430.0931282
1019.67853778 1412.75775276
1033.19121526 1395.78128275
1047.02265806 1379.17621854
1061.16927018 1362.94999956
1075.62579252 1347.09944856
1090.38675646 1331.62005086
1105.44669339 1316.50729178
1120.80013468 1301.75665667
1136.44161172 1287.36363083
1152.36565589 1273.32369961
1168.56679857 1259.63234834
1185.03957114 1246.28506233
1201.778505 1233.27732692
1218.77813151 1220.60462743
1236.03298206 1208.2624492
1253.53758804 1196.24627755
1271.28648083 1184.55159782
1289.2741918 1173.17389532
1307.49525235 1162.10865539
1325.94419385 1151.35136335
1344.61554768 1140.89750454
1363.50384524 1130.74256427
1382.60361789 1120.88202789
1401.90939703 1111.31138072
1421.41571403 1102.02610808
1441.11710028 1093.02169531
1461.00808716 1084.29362773
1481.08320605 1075.83739067
1501.33698834 1067.64846945
1521.7639654 1059.72234942
1542.35866863 1052.05451589
1563.11562939 1044.6404542
1584.02937908 1037.47564966
1605.09444907 1030.55558762
1626.30537076 1023.8757534
1647.65667551 1017.43163232
1669.14289472 1011.21870971
1690.75855977 1005.23247091
1712.49820203 999.468401241
1734.35635289 993.92198603
1756.32754374 988.588710607
1778.40630595 983.464060299
1800.58717091 978.543520435
1822.86467 973.822576343
1845.2333346 969.296713351
1867.68769609 964.961416788
1890.22228587 960.812171981
1912.8316353 956.844464259
1935.51027577 953.05377895
1958.25273867 949.435601383
1981.05355537 945.985416884
2003.90725726 942.698710784
2026.80837573 939.570968409
2049.75144214 936.597675089
2072.73098789 933.77431615
2095.74154436 931.096376923
2118.77764293 928.559342733
2141.83381499 926.158698911
2164.9045919 923.889930784
2187.98450507 921.74852368
2211.06808586 919.729962927
2234.14986567 917.829733855
2257.22437587 916.04332179
2280.28614785 914.366212061
2303.32971299 912.793889996
2326.34960267 911.321840924
2349.34034827 909.945550173
2372.29648118 908.660503075
2395.21363982 907.46345366
2418.09168517 906.355995141
2440.93148479 905.340874336
2463.73390628 904.420838066
2486.49981721 903.598633151
2509.23008517 902.877006409
2531.92557773 902.258704661
2554.58716247 901.746474726
2577.21570698 901.343063424
2599.81207884 901.051217573
2622.37714562 900.873683995
2644.91177491 900.813209507
2667.41683429 900.872540931
2689.89319134 901.054425085
2712.34171363 901.361608789
2734.76326876 901.796838863
2757.15872429 902.362862126
2779.52894781 903.062425398
2801.87480691 903.898275498
2824.19716916 904.873159246
2846.49690214 905.989823462
2868.77487343 907.251014964
2891.03195061 908.659480573
2913.26900127 910.217967109
2935.48689299 911.92922139
2957.68649334 913.795990237
2979.8686699 915.821020469
3002.03429026 918.007058905
3024.184222 920.356852366
3046.3193327 922.87314767
3068.44048993 925.558691637
3090.54856128 928.416231088
3112.64441433 931.44851284
3134.72891666 934.658283715
3156.80293585 938.048290531
3178.86733948 941.621280109
3200.92299 945.380002787
3222.96772014 949.329287528
3244.99123017 953.479542763
3266.98187002 957.842103376
3288.9279896 962.428304253
3310.81793883 967.249480279
3332.64006762 972.316966338
3354.38272591 977.642097318
3376.03426359 983.236208101
3397.58303059 989.110633574
3419.01737683 995.276708621
3440.32565222 1001.74576813
3461.49620668 1008.52914698
3482.51739012 1015.63818006
3503.37755248 1023.08420226
3524.06504365 1030.87854846
3544.56821356 1039.03255354
3564.87541213 1047.55755239
3584.97498928 1056.4648799
3604.85529491 1065.76587095
3624.50467895 1075.47186043
3643.9115282 1085.59409878
3663.06709836 1096.13726903
3681.96751672 1107.09490218
3700.60938356 1118.45944653
3718.98929914 1130.22335039
3737.10386374 1142.37906204
3754.94967762 1154.91902979
3772.52334105 1167.83570193
3789.82145431 1181.12152675
3806.84061766 1194.76895256
3823.57743137 1208.77042766
3840.02849571 1223.11840033
3856.19041095 1237.80531887
3872.05977737 1252.82363159
3887.63319522 1268.16578678
3902.90726479 1283.82423273
3917.87858634 1299.79141774
3932.54376013 1316.05979011
3946.89938645 1332.62179814
3960.94206555 1349.46989011
3974.66839771 1366.59651434
3988.07498321 1383.99411911
4001.1584223 1401.65515272
4013.91531525 1419.57206348
4026.34226235 1437.73729967
4038.43586385 1456.14330959
4050.19272003 1474.78254154
4061.60943115 1493.64744381
4072.68259749 1512.73046471
4083.40881932 1532.02405253
4093.7846969 1551.52065556
4103.80683051 1571.21272211
4113.47182041 1591.09270046
4122.77626687 1611.15303892
4131.71677017 1631.38618579
4140.28993057 1651.78458935
4148.49234835 1672.34069791
4156.32062377 1693.04695976
4163.7713571 1713.89582321
4170.84114861 1734.87973654
4177.52659858 1755.99114805
4183.82430726 1777.22250604
4189.73087494 1798.56625881
4195.24290188 1820.01485465
4200.35698835 1841.56074187
4205.06973462 1863.19636875
4209.37774096 1884.91418359
4213.27760764 1906.7066347
4216.76593492 1928.56617036
4219.83932309 1950.48523887
4222.4943724 1972.45628854
4224.72768313 1994.47176765
4226.53585555 2016.52412451
4227.91548993 2038.60580741
4228.86318654 2060.70926464
4229.37554564 2082.82694451
4229.4491675 2104.95129531
4229.08065241 2127.07476534
4228.26660062 2149.18980289
4227.0036124 2171.28885626
4225.28828803 2193.36437376
4223.11722777 2215.40880366
4220.4870319 2237.41459428
4217.39465278 2259.37430688
4213.84354194 2281.2825881
4209.84286914 2303.13591936
4205.40199927 2324.93084468
4200.53029718 2346.66390809
4195.23712775 2368.33165362
4189.53185586 2389.93062528
4183.42384637 2411.45736711
4176.92246417 2432.90842313
4170.03707411 2454.28033736
4162.77704107 2475.56965382
4155.15172993 2496.77291656
4147.17050556 2517.88666957
4138.84273282 2538.9074569
4130.1777766 2559.83182257
4121.18500176 2580.6563106
4111.87377318 2601.37746502
4102.25345572 2621.99182985
4092.33341426 2642.49594912
4082.12301368 2662.88636685
4071.63161884 2683.15962706
4060.86859461 2703.31227379
4049.84330588 2723.34085105
4038.5651175 2743.24190287
4027.04339436 2763.01197328
4015.28750132 2782.6476063
4003.30680326 2802.14534596
3991.11066505 2821.50173628
3978.70845156 2840.71332128
3966.10952767 2859.77664499
3953.32325824 2878.68825144
3940.35893525 2897.44479025
3927.22366086 2916.04608298
3913.92201768 2934.49560082
3900.45844904 2952.79701667
3886.83739828 2970.95400344
3873.06330873 2988.97023404
3859.14062372 3006.84938138
3845.0737866 3024.59511836
3830.8672407 3042.21111789
3816.52542935 3059.70105287
3802.05279589 3077.06859623
3787.45378365 3094.31742085
3772.73283596 3111.45119966
3757.89439618 3128.47360555
3742.94290762 3145.38831144
3727.88281362 3162.19899024
3712.71855753 3178.90931484
3697.45458267 3195.52295816
3682.09533238 3212.04359311
3666.64524999 3228.47489259
3651.10877884 3244.82052951
3635.49036227 3261.08417678
3619.79444361 3277.26950731
3604.02546619 3293.38019399
3588.18787336 3309.41990975
3572.28610844 3325.39232749
3556.32461477 3341.30112011
3540.30783568 3357.14996053
3524.24021452 3372.94252164
3508.12619462 3388.68247636
3491.97021931 3404.3734976
3475.77673192 3420.01925826
3459.5501758 3435.62343126
3443.29499427 3451.18968949
3427.01563068 3466.72170586
3410.71652835 3482.22315329
3394.40213063 3497.69770468
3378.07688085 3513.14903294
3361.74522234 3528.58081097
3345.41159843 3543.99671169
3329.08045248 3559.40040799
3312.7562278 3574.7955728
3296.44336773 3590.18587901
3280.14631561 3605.57499953
3263.86951478 3620.96660727
3247.61740857 3636.36437514
3231.39444031 3651.77197605
3215.20505335 3667.1930829
3199.05369101 3682.6313686
3182.94479663 3698.09050606
3166.88281354 3713.57416818
3150.87218509 3729.08602788
3134.9173546 3744.62975805
3119.02276541 3760.20903162
3103.19286086 3775.82752148
3087.43208428 3791.48890054
3071.74487901 3807.19684171
3056.13568838 3822.9550179
3040.60895573 3838.76710202
3025.16912439 3854.63676697
3009.82063769 3870.56768566
2994.56793898 3886.563531
2979.41547159 3902.62797589
2964.36767885 3918.76469324
2949.4290041 3934.97735597
2934.60389068 3951.26963697
2919.89678191 3967.64520916
2905.31212114 3984.10774545
2890.85435169 4000.66091873
2876.52791691 4017.30840192
2862.33726013 4034.05386792
2848.28682468 4050.90098965
2834.38105391 4067.85344001
2820.62439114 4084.91489191
2807.02127971 4102.08901825
2793.57616295 4119.37949194
2780.29348421 4136.7899859
2767.17768681 4154.32417302
2754.23321409 4171.98572622
2741.46450939 4189.7783184
2728.87601604 4207.70562247
2716.47217738 4225.77131134
2704.25743674 4243.97905792
2692.23623745 4262.3325351
2680.41302286 4280.83541581
2668.7922363 4299.49137294
2657.37832109 4318.30407942
2646.17572059 4337.27720813
2635.18887812 4356.41443199
2624.42223702 4375.71942391
2613.88024062 4395.1958568
2603.56733226 4414.84740356
2593.48788296 4434.67703039
2583.64561821 4454.68139446
2574.04392412 4474.85383617
2564.68618379 4495.18766642
2555.5757803 4515.6761961
2546.71609675 4536.3127361
2538.11051624 4557.09059733
2529.76242186 4578.00309068
2521.6751967 4599.04352703
2513.85222386 4620.2052173
2506.29688642 4641.48147236
2499.01256749 4662.86560312
2492.00265015 4684.35092048
2485.27051751 4705.93073531
2478.81955265 4727.59835853
2472.65313866 4749.34710103
2466.77465865 4771.17027369
2461.1874957 4793.06118742
2455.89503291 4815.01315312
2450.90065337 4837.01948166
2446.20774018 4859.07348396
2441.81967643 4881.1684709
2437.7398452 4903.29775338
2433.97162961 4925.4546423
2430.51841273 4947.63244855
2427.38357767 4969.82448302
2424.57050751 4992.02405661
2422.08258536 5014.22448022
2419.9231943 5036.41906473
2418.09571743 5058.60112105
2416.60353783 5080.76396007
2415.45003862 5102.90089268
2414.63860287 5125.00522978
2414.17261368 5147.07028226
2414.05545415 5169.08936103
2414.29050737 5191.05577696
2414.88115643 5212.96284097
2415.83078443 5234.80386394
2417.14277446 5256.57215676
2418.82050961 5278.26103034
2420.86735369 5299.86381236
2423.28403924 5321.37612155
2426.06602028 5342.79817257
2429.20812022 5364.13072918
2432.70516248 5385.37455514
2436.55197047 5406.5304142
2440.74336758 5427.59907012
2445.27417725 5448.58128665
2450.13922286 5469.47782755
2455.33332784 5490.28945656
2460.8513156 5511.01693746
2466.68800954 5531.66103398
2472.83823307 5552.22250989
2479.2968096 5572.70212894
2486.05856255 5593.10065488
2493.11831532 5613.41885148
2500.47089132 5633.65748247
2508.11111396 5653.81731163
2516.03380666 5673.8991027
2524.23379282 5693.90361944
2532.70589585 5713.8316256
2541.44493916 5733.68388494
2550.44574617 5753.46116121
2559.70314028 5773.16421817
2569.21194489 5792.79381957
2578.96698343 5812.35072917
2588.9630793 5831.83571072
2599.19505591 5851.24952798
2609.65773667 5870.5929447
2620.34594499 5889.86672463
2631.25450428 5909.07163154
2642.37823795 5928.20842917
2653.71196941 5947.27788128
2665.25052207 5966.28075162
2676.98871935 5985.21780396
2688.92138463 6004.08980204
2701.04334135 6022.89750962
2713.34941291 6041.64169045
2725.83442272 6060.32310829
2738.49319418 6078.94252689
2751.32055072 6097.50071001
2764.31131573 6115.99842141
2777.46031263 6134.43642483
2790.76236483 6152.81548404
2804.21229573 6171.13636278
2817.80492876 6189.39982481
2831.53508731 6207.60663389
2845.3975948 6225.75755377
2859.38727463 6243.85334821
2873.49895023 6261.89478096
2887.72744498 6279.88261577
2902.06758232 6297.81761641
2916.51418564 6315.70054661
2931.06207836 6333.53217015
2945.70608389 6351.31325078
2960.44102563 6369.04455224
2975.26172699 6386.7268383
2990.1630114 6404.3608727
3005.13970224 6421.94741921
3020.18662295 6439.48724158
3035.29859691 6456.98110356
3050.47044756 6474.4297689
3065.69699828 6491.83400137
3080.9730725 6509.19456472
3096.29349363 6526.5122227
3111.65308507 6543.78773907
3127.04667024 6561.02187757
3142.46907253 6578.21540198
3157.91511538 6595.36907603
3173.37962217 6612.48366349
3188.85741633 6629.55992811
3204.34332126 6646.59863365
3219.83216038 6663.60054385
3235.31875709 6680.56642248
3250.7979348 6697.49703329
3266.26451692 6714.39314003
3281.71332686 6731.25550647
3297.13918804 6748.08489634
3312.53692386 6764.88207342
3327.90135773 6781.64780144
3343.22731306 6798.38284418
3358.50961327 6815.08796538
3373.74308257 6831.76395558
3388.92260587 6848.41360988
3404.04316984 6865.04308324
3419.09977083 6881.65885135
3434.08740521 6898.26738991
3449.00106935 6914.87517463
3463.83575959 6931.48868119
3478.58647232 6948.1143853
3493.24820389 6964.75876265
3507.81595066 6981.42828894
3522.284709 6998.12943987
3536.64947527 7014.86869113
3550.90524584 7031.65251843
3565.04701707 7048.48739746
3579.06978532 7065.37980392
3592.96854696 7082.3362135
3606.73829834 7099.36310191
3620.37403584 7116.46694484
3633.87075582 7133.65421799
3647.22345463 7150.93139705
3660.42712865 7168.30495773
3673.47677423 7185.78137572
3686.36738774 7203.36712672
3699.09396555 7221.06868642
3711.65150401 7238.89253053
3724.03499949 7256.84513475
3736.23944835 7274.93297476
3748.25984697 7293.16252627
3760.09119169 7311.54026497
3771.72847888 7330.07266657
3783.16670492 7348.76620675
3794.40086615 7367.62736123
3805.42595894 7386.66260569
3816.23697967 7405.87841583
3826.8289228 7425.28124838
3837.19641503 7444.87385272
3847.33327729 7464.65085628
3857.23322375 7484.60581035
3866.88996861 7504.73226624
3876.29722602 7525.02377523
3885.44871016 7545.47388862
3894.33813522 7566.07615771
3902.95921536 7586.82413379
3911.30566477 7607.71136816
3919.37119761 7628.7314121
3927.14952807 7649.87781693
3934.63437032 7671.14413393
3941.81943854 7692.5239144
3948.6984469 7714.01070963
3955.26510957 7735.59807092
3961.51314074 7757.27954957
3967.43625458 7779.04869686
3973.02816526 7800.8990641
3978.28258697 7822.82420258
3983.19323387 7844.8176636
3987.75382014 7866.87299845
3991.95805997 7888.98375842
3995.79966751 7911.14349482
3999.27235696 7933.34575893
4002.36984249 7955.58410205
4005.08583826 7977.85207548
4007.41405847 8000.14323052
4009.34821727 8022.45111845
4010.88202886 8044.76929058
4012.0092074 8067.09129819
4012.72346708 8089.41069259
4013.01852206 8111.72102507
4012.88808652 8134.01584693
4012.32587464 8156.28870945
4011.3256006 8178.53316394
4009.88097857 8200.74276169
4007.98572272 8222.911054
4005.63354723 8245.03159216
4002.81816629 8267.09792746
3999.53329405 8289.10361121
3995.77264471 8311.04219469
3991.52993243 8332.90722921
3986.7988714 8354.69226606
3981.57317578 8376.39085652
3975.84655975 8397.99655191
3969.6127562 8419.50289594
3962.86999499 8440.90161262
3955.62681346 8462.18025498
3947.89318711 8483.32579409
3939.67909143 8504.32520104
3930.99450192 8525.1654469
3921.84939408 8545.83350275
3912.25374341 8566.31633966
3902.21752541 8586.60092871
3891.75071557 8606.67424099
3880.86328939 8626.52324756
3869.56522238 8646.1349195
3857.86649002 8665.49622789
3845.77706782 8684.59414381
3833.30693128 8703.41563833
3820.46605588 8721.94768253
3807.26441714 8740.17724749
3793.71199055 8758.09130428
3779.81875161 8775.67682398
3765.59467582 8792.92077767
3751.04973866 8809.81013643
3736.19391565 8826.33187132
3721.03718229 8842.47295343
3705.58951405 8858.22035384
3689.86088646 8873.56104362
3673.86126751 8888.48202303
3657.5991614 8902.97599421
3641.07986521 8917.04815176
3624.30825107 8930.70534557
3607.28919112 8943.95442554
3590.02755747 8956.80224156
3572.52822225 8969.25564353
3554.7960576 8981.32148135
3536.83593564 8993.00660493
3518.65272849 9004.31786415
3500.25130829 9015.26210891
3481.63654717 9025.84618913
3462.81331724 9036.07695468
3443.78649064 9045.96125548
3424.5609395 9055.50594142
3405.14153594 9064.71786239
3385.53315209 9073.6038683
3365.74066007 9082.17080904
3345.76893202 9090.42553452
3325.62284007 9098.37489463
3305.30725633 9106.02573927
3284.82705294 9113.38491834
3264.18710203 9120.45928173
3243.39227572 9127.25567934
3222.44744614 9133.78096108
3201.35748542 9140.04197684
3180.12726568 9146.04557652
3158.76165906 9151.79861002
3137.26553767 9157.30792723
3115.64377366 9162.58037806
3093.90123914 9167.6228124
3072.04280624 9172.44208015
3050.07334709 9177.04503121
3027.99773382 9181.43851548
3005.82083856 9185.62938285
2983.54753343 9189.62448323
2961.18269056 9193.43066651
2938.73118207 9197.05478259
2916.19788011 9200.50368137
2893.58765678 9203.78421274
2870.90538423 9206.90322661
2848.15593457 9209.86757288
2825.34417994 9212.68410144
2802.47499247 9215.35966219
2779.55324427 9217.90110502
2756.58380748 9220.31527985
2733.57155423 9222.60903656
2710.52133795 9224.78909588
2687.4373676 9226.85772539
2664.32305967 9228.81171684
2641.18178196 9230.64752551
2618.01690226 9232.36160668
2594.83178836 9233.95041562
2571.62980807 9235.41040762
2548.41432917 9236.73803796
2525.18871946 9237.92976193
2501.95634673 9238.98203479
2478.72057879 9239.89131184
2455.48478342 9240.65404836
2432.25232842 9241.26669962
2409.02658159 9241.7257209
2385.81091071 9242.02756749
2362.60868359 9242.16869468
2339.42326801 9242.14555773
2316.25803178 9241.95461193
2293.11634269 9241.59231256
2270.00156853 9241.05511491
2246.9170771 9240.33947424
2223.86623619 9239.44184586
2200.85241359 9238.35868502
2177.87897711 9237.08644703
2154.94929454 9235.62158715
2132.06673367 9233.96056067
2109.2346623 9232.09982287
2086.45644821 9230.03582903
2063.73545921 9227.76503443
2041.0750631 9225.28389435
2018.47862766 9222.58886408
1995.94952069 9219.67639889
1973.49110998 9216.54295407
1951.10676334 9213.18498489
1928.79984855 9209.59894664
1906.57373341 9205.7812946
1884.43178571 9201.72848405
1862.37737326 9197.43697026
1840.41386383 9192.90320853
1818.54462524 9188.12365414
1796.77302527 9183.09476235
1775.10243172 9177.81298846
1753.53621238 9172.27478774
1732.07773505 9166.47661549
1710.73036752 9160.41492696
1689.49747759 9154.08617746
1668.38243305 9147.48682226
1647.3886017 9140.61331663
1626.51935134 9133.46211587
1605.77804974 9126.02967525
1585.16806472 9118.31245005
1564.69276407 9110.30689556
1544.35551558 9102.00946705
1524.15968704 9093.41661981
1504.10864626 9084.52480912
1484.20576102 9075.33049025
1464.45439912 9065.8301185
1444.85792835 9056.02014913
1425.41971652 9045.89703744
1406.14313141 9035.45723869
1387.03154082 9024.69720818
1368.08831254 9013.61340119
1349.31681437 9002.20227299
1330.72041411 8990.46027887
1312.30265504 8978.38410541
1294.07048107 8965.97492149
1276.03391714 8953.23795694
1258.20309954 8940.1785884
1240.58816456 8926.80219251
1223.19924849 8913.11414592
1206.04648764 8899.11982525
1189.14001829 8884.82460715
1172.48997674 8870.23386825
1156.10649928 8855.3529852
1139.99972221 8840.18733462
1124.17978183 8824.74229317
1108.65681442 8809.02323748
1093.44095629 8793.03554418
1078.54234372 8776.78458992
1063.97111302 8760.27575133
1049.73740047 8743.51440505
1035.85134237 8726.50592772
1022.32307501 8709.25569598
1009.1627347 8691.76908647
996.380457715 8674.05147582
983.986380361 8656.10824067
971.990638929 8637.94475767
960.403369715 8619.56640344
949.234709011 8600.97855464
938.494793114 8582.18658789
928.193756321 8563.19587979
918.337402898 8544.01171842
908.918039059 8524.63911586
899.92534824 8505.08303058
891.349013876 8485.34842105
883.178719401 8465.44024575
875.404148251 8445.36346313
868.014983861 8425.12303167
861.000909666 8404.72390983
854.351609102 8384.17105609
848.056765604 8363.46942891
842.106062606 8342.62398677
836.489183545 8321.63968812
831.195811854 8300.52149144
826.21563097 8279.2743552
821.538324327 8257.90323786
817.153575362 8236.4130979
813.051067508 8214.80889377
809.220484201 8193.09558396
805.651508876 8171.27812693
802.333824969 8149.36148115
799.257115914 8127.35060508
796.411065148 8105.2504572
793.785356104 8083.06599597
791.369672218 8060.80217986
789.153696926 8038.46396735
787.127113662 8016.05631689
785.279605862 7993.58418696
783.600856961 7971.05253603
782.080550394 7948.46632256
780.708369596 7925.83050502
779.473998003 7903.15004189
778.367119049 7880.42989162
777.37741617 7857.6750127
776.494572801 7834.89036358
775.708272377 7812.08090274
775.008198334 7789.25158864
774.384034105 7766.40737975
773.825463128 7743.55323455
773.322168837 7720.6941115
772.863834666 7697.83496906
772.440144052 7674.98076571
772.040780429 7652.13645992
