753.0 7646.0
756.742389891 7624.26558682
761.708146961 7602.60916585
767.416668133 7580.99277165
773.38735033 7559.37843877
779.144212966 7537.72857329
784.411969272 7516.02171275
789.188881722 7494.25838209
793.492845897 7472.44068435
797.341757373 7450.57072255
800.75351173 7428.65059972
803.746004547 7406.68241888
806.3371314 7384.66828307
808.544787869 7362.6102953
810.386869531 7340.51055862
811.881271966 7318.37117604
813.045890752 7296.1942506
813.898621466 7273.98188531
814.457359688 7251.73618322
814.740000996 7229.45924734
814.764440967 7207.15318071
814.54857518 7184.82008635
814.110299214 7162.46206728
813.467508648 7140.08122655
812.638099058 7117.67966716
811.639966024 7095.25949216
810.491005124 7072.82280457
809.209111936 7050.37170742
807.812182039 7027.90830373
806.318111011 7005.43469653
804.74479443 6982.95298885
803.110127875 6960.46528372
801.432006924 6937.97368416
799.728327155 6915.4802932
798.016984147 6892.98721387
796.315873478 6870.49654921
794.642890726 6848.01040222
793.01593147 6825.53087595
791.452891288 6803.06007341
789.971665758 6780.60009765
788.59004581 6758.15303969
787.318049471 6735.72010015
786.152698833 6713.30099088
785.089779418 6690.89528209
784.125076748 6668.50254398
783.254376346 6646.12234674
782.473463734 6623.75426059
781.778124436 6601.39785571
781.164143974 6579.05270231
780.627307871 6556.7183706
780.163401648 6534.39443076
779.768210829 6512.08045302
779.437520937 6489.77600755
779.167117493 6467.48066457
778.952786021 6445.19399428
778.790312043 6422.91556688
778.675481082 6400.64495256
778.60407866 6378.38172154
778.571890301 6356.125444
778.574701525 6333.87569016
778.608297857 6311.63203021
778.668464819 6289.39403435
778.750987933 6267.16127279
778.851652722 6244.93331572
778.966244709 6222.70973335
779.090549416 6200.49009588
779.220352366 6178.27397351
779.351439081 6156.06093644
779.479595084 6133.85055486
779.600605898 6111.64239899
779.710257045 6089.43603902
779.804334048 6067.23104516
779.878622429 6045.0269876
779.928907712 6022.82343654
779.950975418 6000.61996219
779.94061107 5978.41613475
779.893600192 5956.21152442
779.805728305 5934.0057014
779.672780932 5911.79823589
779.490543595 5889.58869809
779.254801818 5867.3766582
778.961341123 5845.16168642
778.605947033 5822.94335296
778.18440507 5800.72122802
777.692912179 5778.49490601
777.133640014 5756.26433298
776.51326852 5734.02972032
775.83858847 5711.79128594
775.11639064 5689.54924776
774.353465804 5667.30382368
773.556604736 5645.0552316
772.732598212 5622.80368945
771.888237006 5600.54941513
771.030311892 5578.29262655
770.165613644 5556.03354162
769.300933039 5533.77237825
768.443060849 5511.50935435
767.59878785 5489.24468783
766.774904817 5466.9785966
765.978202523 5444.71129858
765.215471744 5422.44301166
764.493503253 5400.17395376
763.819087827 5377.90434279
763.199016238 5355.63439666
762.640079262 5333.36433328
762.149067674 5311.09437056
761.732772247 5288.82472641
761.397983757 5266.55561874
761.151492978 5244.28726546
761.000090684 5222.01988448
760.948761863 5199.75365194
760.995248973 5177.48857646
761.135478983 5155.22462468
761.365378862 5132.96176323
761.680875581 5110.69995874
762.077896107 5088.43917784
762.55236741 5066.17938717
763.10021646 5043.92055335
763.717370226 5021.66264302
764.399755676 4999.40562281
765.143299781 4977.14945935
765.943929509 4954.89411928
766.797571831 4932.63956921
767.700153714 4910.3857758
768.647602128 4888.13270566
769.635844043 4865.88032544
770.660806428 4843.62860175
771.718416252 4821.37750124
772.804600484 4799.12699054
773.915286094 4776.87703627
775.04640005 4754.62760507
776.193869323 4732.37866357
777.353620881 4710.13017841
778.521581693 4687.88211621
779.69367873 4665.6344436
780.865838959 4643.38712723
782.033989351 4621.14013371
783.194056874 4598.89342968
784.341968499 4576.64698178
785.473651193 4554.40075663
786.585031927 4532.15472087
787.67203767 4509.90884113
788.73059539 4487.66308404
789.756632058 4465.41741623
790.746074642 4443.17180434
791.694850111 4420.92621499
792.598885436 4398.68061482
793.454107585 4376.43497046
794.256443527 4354.18924854
795.001820232 4331.94341569
795.687202701 4309.69743612
796.313676497 4287.45126444
796.883349497 4265.20485283
797.398329575 4242.95815351
797.860724605 4220.7111187
798.272642462 4198.46370058
798.63619102 4176.21585139
798.953478155 4153.96752331
799.226611741 4131.71866856
799.457699653 4109.46923934
799.648849765 4087.21918787
799.802169952 4064.96846636
799.919768088 4042.717027
800.00375205 4020.464822
800.05622971 3998.21180358
800.079308944 3975.95792394
800.075097627 3953.70313529
800.045703633 3931.44738983
799.993234836 3909.19063978
799.919799112 3886.93283734
799.827504336 3864.67393472
799.718458381 3842.41388413
799.594769122 3820.15263777
799.458544435 3797.89014785
799.311892194 3775.62636658
799.156920273 3753.36124616
798.995736548 3731.09473881
798.830448892 3708.82679673
798.663165181 3686.55737213
798.49599329 3664.28641722
798.331041092 3642.0138842
798.170416463 3619.73972528
798.016227277 3597.46389268
797.870581409 3575.18633859
797.735586734 3552.90701522
797.613351127 3530.62587478
797.505982461 3508.34286949
797.415588612 3486.05795154
797.344277454 3463.77107315
797.294156863 3441.48218651
797.267334712 3419.19124385
797.265918877 3396.89819737
797.292017231 3374.60299926
797.347737651 3352.30560176
797.43518801 3330.00595705
797.556476183 3307.70401734
797.713710045 3285.39973486
797.90899747 3263.09306179
798.143942948 3240.7839844
798.412387139 3218.4730139
798.702073327 3196.16107385
799.000580816 3173.84909887
799.29548891 3151.53802358
799.574376912 3129.22878261
799.824824125 3106.9223106
800.034409852 3084.61954215
800.190713397 3062.32141191
800.281314063 3040.02885449
800.293791153 3017.74280452
800.21572397 2995.46419664
800.034691819 2973.19396546
799.738274002 2950.93304562
799.314049822 2928.68237174
798.749598582 2906.44287844
798.032499587 2884.21550035
797.150332139 2862.00117211
796.090675541 2839.80082833
794.841109098 2817.61540364
793.389212111 2795.44583267
791.725244993 2773.29273445
789.86247645 2751.15401965
787.825884706 2729.02622059
785.640540732 2706.90585868
783.331515501 2684.78945532
780.923879986 2662.67353191
778.442705158 2640.55460987
775.913061989 2618.42921059
773.360021453 2596.29385549
770.808654522 2574.14506596
768.284032167 2551.97936341
765.811225361 2529.79326924
763.415305076 2507.58330486
761.121222177 2485.34605982
758.948940221 2463.08095294
756.911753813 2440.79118637
755.022492191 2418.48022625
753.293984593 2396.15153871
751.739060256 2373.80858989
750.370548419 2351.45484593
749.201278321 2329.09377297
748.244079199 2306.72883714
747.511780291 2284.36350459
747.017210835 2262.00124145
746.77320007 2239.64551386
746.792577234 2217.29978795
747.088171564 2194.96752987
747.6728123 2172.65220576
748.559328678 2150.35728175
749.760549937 2128.08622398
751.289305315 2105.84249858
753.158424051 2083.62957171
755.380735382 2061.45090948
757.969068547 2039.30997806
760.936252783 2017.21024356
764.295117328 1995.15517213
768.058491422 1973.1482299
772.237967208 1951.19323646
776.834916507 1929.29693135
781.845671944 1907.4674938
787.266530714 1885.71311319
793.093790014 1864.04197889
799.323747041 1842.46228026
805.952698991 1820.98220666
812.976943061 1799.60994748
820.392776448 1778.35369206
828.196496348 1757.22162979
836.384399958 1736.22195003
844.952784475 1715.36284214
853.897947094 1694.65249549
863.216185014 1674.09909946
872.90379543 1653.7108434
882.957075539 1633.49591669
893.372322538 1613.46250869
904.145833623 1593.61880876
915.273905991 1573.97300629
926.752836839 1554.53329063
938.578923363 1535.30785115
950.748462759 1516.30487722
963.257752226 1497.53255821
976.103088958 1478.99908348
989.280770154 1460.7126424
1002.78709301 1442.68142434
1016.61835472 1424.91361866
1030.77085248 1407.41741474
1045.24087817 1390.20099046
1060.02385753 1373.27065893
1075.11339939 1356.62882123
1090.50288371 1340.2773857
1106.18569042 1324.21826064
1122.15519947 1308.45335436
1138.40479082 1292.98457519
1154.92784441 1277.81383144
1171.71774019 1262.94303142
1188.7678581 1248.37408345
1206.0715781 1234.10889583
1223.62228013 1220.14937689
1241.41334413 1206.49743494
1259.43815006 1193.15497829
1277.69007787 1180.12391527
1296.16250749 1167.40615417
1314.84881888 1155.00360332
1333.74239199 1142.91817103
1352.83660676 1131.15176562
1372.12484315 1119.7062954
1391.60048109 1108.58366868
1411.25690053 1097.78579378
1431.08748143 1087.31457901
1451.08560374 1077.1719327
1471.24464738 1067.35976314
1491.55803707 1057.88004828
1512.01939762 1048.73507752
1532.62240984 1039.92722736
1553.36075454 1031.4588743
1574.22811251 1023.33239483
1595.21816455 1015.55016545
1616.32459147 1008.11456265
1637.54107406 1001.02796295
1658.86129313 994.292742822
1680.27892949 987.911278776
1701.78766392 981.885947307
1723.38117723 976.219124911
1745.05315022 970.913188087
1766.7972637 965.970513331
1788.60719847 961.39347714
1810.47663531 957.184456012
1832.39925505 953.345826443
1854.36876303 949.879833016
1876.38031868 946.780909996
1898.43132405 944.031445468
1920.51937284 941.612798249
1942.64205873 939.506327152
1964.79697541 937.693390991
1986.98171656 936.155348581
2009.19387588 934.873558737
2031.43104704 933.829380273
2053.69082374 933.004172003
2075.97079966 932.379292742
2098.26856848 931.936101304
2120.5817239 931.655956503
2142.9078596 931.520217155
2165.24456927 931.510242073
2187.58944659 931.607390072
2209.94008525 931.793019966
2232.29407894 932.048490571
2254.64902135 932.355160699
2277.00250615 932.694389166
2299.35212704 933.047534786
2321.69547771 933.395956374
2344.03015183 933.721012743
2366.35374311 934.004062726
2388.66441318 934.2308207
2410.9624901 934.403614407
2433.24881834 934.528732021
2455.52424238 934.612461721
2477.78960671 934.66109168
2500.04575581 934.680910077
2522.29353415 934.678205086
2544.53378622 934.659264885
2566.76735649 934.630377649
2588.99508946 934.597831555
2611.2178296 934.567914779
2633.43642139 934.546915497
2655.65170932 934.541121886
2677.86453786 934.556822121
2700.07575149 934.600304379
2722.28619471 934.677856835
2744.49671198 934.795767667
2766.70814778 934.960325051
2788.92134661 935.177817162
2811.13715294 935.454532176
2833.35641125 935.796758271
2855.57996603 936.210783622
2877.80866175 936.702896406
2900.04334289 937.279384799
2922.28485394 937.946536976
2944.53403938 938.710641114
2966.79174369 939.57798539
2989.05881135 940.55485798
3011.33608684 941.647547059
3033.62441464 942.862340804
3055.92463923 944.205527392
3078.2376051 945.683394998
3100.56415672 947.302231798
3122.90513858 949.06832597
3145.26139516 950.987965688
3167.63377093 953.06743913
3190.02310447 955.31303942
3212.42674357 957.733982004
3234.83266601 960.347326459
3257.22729372 963.171434861
3279.5970486 966.224669283
3301.9283526 969.525391799
3324.20762762 973.091964483
3346.4212956 976.94274941
3368.55577844 981.096108654
3390.59749808 985.570404289
3412.53287644 990.383998389
3434.34833544 995.555253028
3456.03029699 1001.10253028
3477.56518303 1007.04419222
3498.93941548 1013.39860092
3520.13941625 1020.18411846
3541.15160727 1027.41910691
3561.96241046 1035.12192834
3582.55824774 1043.31094483
3602.92554103 1052.00451845
3623.05071226 1061.22101128
3642.92023491 1070.978633
3662.52459274 1081.28374009
3681.86107926 1092.1225614
3700.92764913 1103.47937165
3719.722257 1115.33844556
3738.24285755 1127.68405783
3756.48740542 1140.5004832
3774.45385527 1153.77199635
3792.14016176 1167.48287203
3809.54427956 1181.61738493
3826.66416331 1196.15980977
3843.49776767 1211.09442127
3860.04304731 1226.40549414
3876.29795688 1242.0773031
3892.26045103 1258.09412286
3907.92848444 1274.44022814
3923.30001175 1291.09989365
3938.37298762 1308.0573941
3953.14536671 1325.29700421
3967.61510369 1342.80299869
3981.7801532 1360.55965227
3995.6384699 1378.55123965
4009.18800846 1396.76203554
4022.42619242 1415.17706042
4035.34523087 1433.78865666
4047.93437457 1452.5933205
4060.1828404 1471.58759581
4072.07984525 1490.76802644
4083.61460598 1510.13115625
4094.77633947 1529.6735291
4105.55426259 1549.39168886
4115.93759223 1569.28217937
4125.91554526 1589.3415445
4135.47733855 1609.56632811
4144.61218899 1629.95307405
4153.30931343 1650.49832619
4161.55792877 1671.19862838
4169.34725187 1692.05052448
4176.66649962 1713.05055836
4183.50488888 1734.19527386
4189.85163654 1755.48121485
4195.69595946 1776.90492519
4201.0272753 1798.46288806
4205.84319675 1820.1491097
4210.15221353 1841.95430885
4213.96356605 1863.86897733
4217.28649474 1885.88360696
4220.13024 1907.98868957
4222.50404224 1930.17471699
4224.41714189 1952.43218105
4225.87877934 1974.75157358
4226.89819502 1997.12338639
4227.48462933 2019.53811132
4227.6473227 2041.9862402
4227.39551552 2064.45826485
4226.73844822 2086.9446771
4225.6853612 2109.43596878
4224.24549489 2131.92263171
4222.42808969 2154.39515772
4220.24238601 2176.84403864
4217.69762426 2199.25976629
4214.80304487 2221.63283251
4211.56788824 2243.95372912
4208.00115765 2266.21307404
4204.10747913 2288.40381276
4199.88762746 2310.52093865
4195.34224599 2332.55951493
4190.4719781 2354.51460485
4185.27746714 2376.38127166
4179.75935649 2398.15457858
4173.91828949 2419.82958886
4167.75490952 2441.40136574
4161.26985994 2462.86497246
4154.46378412 2484.21547226
4147.3373254 2505.44792837
4139.89112717 2526.55740404
4132.12583278 2547.5389625
4124.04208559 2568.387667
4115.64052898 2589.09858077
4106.92180629 2609.66676706
4097.8865609 2630.0872891
4088.53543617 2650.35521013
4078.86907546 2670.46559339
4068.88812213 2690.41350212
4058.59321956 2710.19399957
4047.98501109 2729.80214896
4037.0641401 2749.23301355
4025.83146067 2768.48175958
4014.29177227 2787.54548221
4002.45337581 2806.42298845
3990.32469378 2825.11314473
3977.91414863 2843.61481746
3965.23016284 2861.92687309
3952.28115887 2880.04817804
3939.07568335 2897.97779074
3925.62601237 2915.72053717
3911.9487131 2933.2878794
3898.06058991 2950.69164627
3883.97844715 2967.94366664
3869.71908919 2985.05576937
3855.29932039 3002.03978333
3840.7359451 3018.90753737
3826.0457677 3035.67086034
3811.24559253 3052.3415811
3796.35222396 3068.93152852
3781.38246635 3085.45253145
3766.35312406 3101.91641874
3751.28100145 3118.33501926
3736.18290288 3134.72016187
3721.07562672 3151.08367147
3705.97183665 3167.43465378
3690.8728519 3183.77475372
3675.77806326 3200.10434793
3660.68686149 3216.42381309
3645.59863739 3232.73352586
3630.51278175 3249.03386288
3615.42868533 3265.32520084
3600.34573893 3281.60791637
3585.26333334 3297.88238616
3570.18085932 3314.14898685
3555.09770768 3330.40809511
3540.01326918 3346.6600876
3524.92693462 3362.90534097
3509.83809477 3379.1442319
3494.74614042 3395.37713704
3479.65046236 3411.60443304
3464.55045136 3427.82649658
3449.44549822 3444.04370432
3434.33499371 3460.2564329
3419.21832861 3476.465059
3404.09489372 3492.66995927
3388.96407981 3508.87151038
3373.82527766 3525.07008898
3358.67787807 3541.26607174
3343.52127181 3557.45983532
3328.35484967 3573.65175637
3313.17800243 3589.84221157
3297.99012087 3606.03157756
3282.79059578 3622.22023101
3267.57881794 3638.40854858
3252.35417813 3654.59690693
3237.11606715 3670.78568273
3221.86387576 3686.97525262
3206.59699475 3703.16599328
3191.31481492 3719.35828136
3176.01672703 3735.55249353
3160.70212188 3751.74900644
3145.37039024 3767.94819676
3130.02092291 3784.15044114
3114.65311066 3800.35611625
3099.26634428 3816.56559875
3083.86001455 3832.77926529
3068.43351225 3848.99749255
3052.98622817 3865.22065717
3037.51755309 3881.44913583
3022.0268778 3897.68330517
3006.51359307 3913.92354187
2990.97708969 3930.17022258
2975.41675845 3946.42372396
2959.83199013 3962.68442267
2944.22217551 3978.95269538
2928.58670537 3995.22891875
2912.92628459 4011.51407285
2897.25485893 4027.81521787
2881.59404 4044.14293409
2865.96553299 4060.50784477
2850.3910431 4076.92057316
2834.89227552 4093.39174252
2819.49093545 4109.9319761
2804.20872808 4126.55189716
2789.06735861 4143.26212895
2774.08853223 4160.07329472
2759.29395413 4176.99601773
2744.70532951 4194.04092123
2730.34436356 4211.21862849
2716.23276148 4228.53976274
2702.39222846 4246.01494726
2688.8444697 4263.65480528
2675.61119039 4281.46996007
2662.71409572 4299.47103488
2650.1748909 4317.66865297
2638.0152811 4336.07343759
2626.25697154 4354.69601199
2614.9216674 4373.54699943
2604.03107387 4392.63702317
2593.60689616 4411.97670645
2583.66729428 4431.57484318
2574.19877906 4451.42389579
2565.17122292 4471.50774106
2556.55435023 4491.81017937
2548.31788534 4512.3150111
2540.43155263 4533.00603662
2532.86507645 4553.86705632
2525.58818117 4574.88187057
2518.57059115 4596.03427975
2511.78203076 4617.30808425
2505.19222436 4638.68708443
2498.77089631 4660.15508068
2492.48777097 4681.69587337
2486.31257271 4703.29326289
2480.2150259 4724.93104961
2474.1648549 4746.59303392
2468.13178406 4768.26301618
2462.08553776 4789.92479678
2455.99584035 4811.56217609
2449.83241621 4833.1589545
2443.56498969 4854.69893238
2437.18290336 4876.17058116
2430.84432521 4897.60256914
2424.79354084 4919.04406903
2419.27552374 4940.54441729
2414.53345152 4962.15258563
2410.7003808 4983.89517885
2407.73730537 5005.76385365
2405.59025603 5027.74722759
2404.20526355 5049.8339182
2403.52835872 5072.01254302
2403.50557233 5094.27171961
2404.08293515 5116.60006549
2405.20647798 5138.98619823
2406.82223159 5161.41873535
2408.87622678 5183.8862944
2411.31449431 5206.37749292
2414.08306499 5228.88094846
2417.12796959 5251.38527857
2420.3952389 5273.87910077
2423.83104895 5296.35104333
2427.40139009 5318.7911954
2431.1120015 5341.1925768
2434.97337118 5363.54855748
2438.9959871 5385.8525074
2443.19033724 5408.09779651
2447.56690957 5430.27779474
2452.13619208 5452.38587206
2456.90867274 5474.41539841
2461.89483952 5496.35974375
2467.10518042 5518.21227801
2472.5501834 5539.96637116
2478.24033645 5561.61539315
2484.18612754 5583.15271391
2490.39804465 5604.57170341
2496.88657576 5625.8657316
2503.66220885 5647.02816841
2510.73543189 5668.05238381
2518.11673286 5688.93174774
2525.81659975 5709.65963015
2533.84552052 5730.229401
2542.21398316 5750.63443022
2550.93247565 5770.86808778
2560.01148595 5790.92374363
2569.46150206 5810.7947677
2579.29236559 5830.47487519
2589.50115181 5849.96459992
2600.07323767 5869.27072393
2610.99356784 5888.40026015
2622.247087 5907.36022149
2633.81873983 5926.15762088
2645.69347102 5944.79947124
2657.85622524 5963.29278548
2670.29194717 5981.64457652
2682.98558149 5999.86185729
2695.92207289 6017.95164071
2709.08636605 6035.92093969
2722.46340563 6053.77676716
2736.03813633 6071.52613603
2749.79550283 6089.17605922
2763.72044979 6106.73354967
2777.79792192 6124.20562027
2792.01286387 6141.59928396
2806.35022034 6158.92155366
2820.79493601 6176.17944228
2835.33195555 6193.37996274
2849.94622364 6210.53012797
2864.62268497 6227.63695088
2879.34628421 6244.70744439
2894.10196605 6261.74862143
2908.87467517 6278.76749492
2923.64935624 6295.77107776
2938.41095394 6312.76638289
2953.14441296 6329.76042323
2967.83485853 6346.7601367
2982.4745353 6363.76950428
2997.064995 6380.7886414
3011.6084173 6397.81740266
3026.10698187 6414.85564269
3040.56286837 6431.90321611
3054.97825646 6448.95997752
3069.35532583 6466.02578154
3083.69625612 6483.10048279
3098.00322702 6500.18393588
3112.27841818 6517.27599544
3126.52400927 6534.37651606
3140.74217997 6551.48535238
3154.93510993 6568.602359
3169.10497882 6585.72739055
3183.25396632 6602.86030163
3197.38425208 6620.00094686
3211.49801578 6637.14918086
3225.59743708 6654.30485825
3239.68469564 6671.46783363
3253.76197114 6688.63796163
3267.83144324 6705.81509686
3281.89529161 6722.99909394
3295.95569592 6740.18980748
3310.01483582 6757.38709209
3324.074891 6774.5908024
3338.13804111 6791.80079301
3352.20646582 6809.01691855
3366.28231463 6826.23904145
3380.36547923 6843.46760981
3394.45206696 6860.70405335
3408.53782389 6877.94989548
3422.61849612 6895.20665962
3436.68982971 6912.47586921
3450.74757076 6929.75904765
3464.78746534 6947.05771837
3478.80525953 6964.37340479
3492.79669941 6981.70763034
3506.75753106 6999.06191843
3520.68350057 7016.43779248
3534.57035401 7033.83677593
3548.41383747 7051.26039218
3562.20968542 7068.7106794
3575.95357969 7086.19201435
3589.64118714 7103.70943765
3603.26817461 7121.26798996
3616.83020898 7138.87271192
3630.32295709 7156.52864418
3643.74208581 7174.24082741
3657.08326199 7192.01430224
3670.34215251 7209.85410934
3683.5144242 7227.76528936
3696.59574394 7245.75288294
3709.58177858 7263.82193075
3722.46819498 7281.97747343
3735.25066 7300.22455164
3747.92484049 7318.56820603
3760.48640332 7337.01347725
3772.93101535 7355.56540595
3785.25434343 7374.22903279
3797.45205442 7393.00939842
3809.51981519 7411.9115435
3821.45327004 7430.94050037
3833.24365896 7450.09968082
3844.87257299 7469.38894625
3856.32032473 7488.80768767
3867.56722677 7508.35529608
3878.59359172 7528.0311625
3889.37973215 7547.83467793
3899.90596067 7567.76523337
3910.15258987 7587.82221983
3920.09993235 7608.00502831
3929.7283007 7628.31304983
3939.01800751 7648.74567538
3947.94936539 7669.30229597
3956.50268692 7689.98230261
3964.6582847 7710.78508631
3972.39647133 7731.71003806
3979.69755939 7752.75654887
3986.54186149 7773.92400976
3992.90969022 7795.21181172
3998.78135817 7816.61934577
4004.13717794 7838.14600289
4008.95746213 7859.79117412
4013.22265169 7881.55420586
4016.92307206 7903.4310124
4020.06577661 7925.4116996
4022.65943568 7947.48581186
4024.71271962 7969.64289358
4026.23429878 7991.87248917
4027.23284351 8014.16414302
4027.71702416 8036.50739955
4027.69551106 8058.89180316
4027.17697458 8081.30689825
4026.17008506 8103.74222921
4024.68351284 8126.18734046
4022.72592828 8148.6317764
4020.30600171 8171.06508143
4017.4324035 8193.47679995
4014.11380399 8215.85647637
4010.35887352 8238.19365508
4006.17628244 8260.4778805
4001.57470111 8282.69869703
3996.56279987 8304.84564906
3991.14924906 8326.908281
3985.34271903 8348.87613726
3979.15188014 8370.73876223
3972.58540273 8392.48570033
3965.65194734 8414.10649861
3958.35781584 8435.59134597
3950.70390387 8456.93190231
3942.69035277 8478.12003284
3934.31730387 8499.14760272
3925.58489848 8520.00647713
3916.49327794 8540.68852127
3907.04258357 8561.18560031
3897.23295671 8581.48957944
3887.06453867 8601.59232382
3876.53747079 8621.48569865
3865.6518944 8641.16156911
3854.40795082 8660.61180038
3842.80578138 8679.82825763
3830.8455274 8698.80280606
3818.52733022 8717.52731084
3805.85133116 8735.99363715
3792.81767156 8754.19365017
3779.42649273 8772.1192151
3765.677936 8789.76219709
3751.57214271 8807.11446135
3737.10925418 8824.16787305
3722.28941173 8840.91429737
3707.1127567 8857.34559949
3691.57943042 8873.45364459
3675.68959017 8889.23030127
3659.4465142 8904.66810381
3642.86031844 8919.76104502
3625.9420249 8934.50331096
3608.70265555 8948.88908771
3591.15323239 8962.91256132
3573.30477741 8976.56791787
3555.16831258 8989.84934341
3536.75485991 9002.75102401
3518.07544138 9015.26714574
3499.14107898 9027.39189466
3479.96279469 9039.11945685
3460.55161051 9050.44401835
3440.91854843 9061.35976525
3421.07463042 9071.86088359
3401.03087849 9081.94155946
3380.79831462 9091.59597892
3360.38796079 9100.81832803
3339.81083901 9109.60279285
3319.07797124 9117.94355945
3298.20037949 9125.8348139
3277.1885672 9133.27283433
3256.04973794 9140.2672121
3234.78980168 9146.83275767
3213.41466534 9152.98429375
3191.93023583 9158.73664306
3170.34242009 9164.10462832
3148.65712502 9169.10307224
3126.88025756 9173.74679753
3105.01772463 9178.05062691
3083.07543313 9182.0293831
3061.05929001 9185.6978888
3038.97520217 9189.07096675
3016.82907655 9192.16343963
2994.62682005 9194.99013019
2972.37433961 9197.56586112
2950.07754214 9199.90545514
2927.74233456 9202.02373498
2905.3746238 9203.93552333
2882.98031678 9205.65564293
2860.56532041 9207.19891648
2838.13554163 9208.58016669
2815.69688735 9209.81421629
2793.25526449 9210.91588798
2770.81657998 9211.90000449
2748.38674073 9212.78138852
2725.97165367 9213.5748628
2703.577135 9214.29504583
2681.2058737 9214.94951664
2658.85671332 9215.53719803
2636.5282611 9216.05648097
2614.21912432 9216.50575639
2591.92791022 9216.88341525
2569.65322608 9217.18784848
2547.39367916 9217.41744703
2525.1478767 9217.57060186
2502.91442599 9217.64570391
2480.69193426 9217.64114411
2458.47900879 9217.55531343
2436.27425684 9217.38660281
2414.07628567 9217.13340319
2391.88370253 9216.79410552
2369.69511469 9216.36710075
2347.50912941 9215.85077982
2325.32435395 9215.24353369
2303.13939557 9214.54375328
2280.95286153 9213.74982957
2258.7633591 9212.86015348
2236.56949552 9211.87311596
2214.36987807 9210.78710797
2192.163114 9209.60052045
2169.94781057 9208.31174435
2147.72257505 9206.9191706
2125.4860147 9205.42119017
2103.23673677 9203.81619399
2080.97334852 9202.10257301
2058.69445723 9200.27871818
2036.39867014 9198.34302044
2014.08459452 9196.29387075
1991.75083763 9194.12966005
1969.39600673 9191.84877927
1947.01870908 9189.44961938
1924.61768876 9186.93042471
1902.19646492 9184.28432263
1879.76446227 9181.49811222
1857.3314716 9178.55820019
1834.90728372 9175.45099328
1812.50168945 9172.16289821
1790.12447958 9168.68032171
1767.78544494 9164.98967051
1745.49437633 9161.07735133
1723.26106456 9156.92977091
1701.09530043 9152.53333596
1679.00687476 9147.87445322
1657.00557835 9142.93952942
1635.10120201 9137.71497128
1613.30353656 9132.18718552
1591.62237279 9126.34257888
1570.06750153 9120.16755809
1548.64871357 9113.64852986
1527.37579972 9106.77190094
1506.25855081 9099.52407804
1485.30675762 9091.89146789
1464.53021098 9083.86047723
1443.93870168 9075.41751277
1423.54202055 9066.54898125
1403.34995839 9057.24128939
1383.372306 9047.48084392
1363.61885419 9037.25405157
1344.09939378 9026.54731906
1324.82371558 9015.34705312
1305.80158485 9003.64038121
1287.04227214 8991.42839685
1268.55459975 8978.72484694
1250.34737376 8965.54393577
1232.42940028 8951.89986764
1214.80948541 8937.80684685
1197.49643523 8923.27907769
1180.49905584 8908.33076445
1163.82615333 8892.97611142
1147.48653381 8877.22932291
1131.48900337 8861.10460321
1115.8423681 8844.6161566
1100.55543409 8827.77818739
1085.63700745 8810.60489987
1071.09589427 8793.11049833
1056.94090064 8775.30918707
1043.18083266 8757.21517038
1029.82449642 8738.84265256
1016.88069802 8720.2058379
1004.35824356 8701.31893069
992.265939123 8682.19613523
980.612590814 8662.85165582
969.407004725 8643.29969674
958.657986951 8623.5544623
948.374343587 8603.63015678
938.56488073 8583.54098448
929.238401577 8563.30114875
920.397427845 8542.92280357
912.024899912 8522.41171435
904.099953348 8501.77240519
896.601723726 8481.00940016
889.509346615 8460.12722335
882.801957586 8439.13039884
876.458692211 8418.02345072
870.458686059 8396.81090306
864.781074702 8375.49727996
859.40499371 8354.08710548
854.309578655 8332.58490372
849.473965106 8310.99519876
844.877288635 8289.32251468
840.498684812 8267.57137556
836.317289209 8245.74630549
832.312237395 8223.85182855
828.462664943 8201.89246882
824.747707421 8179.87275039
821.146500402 8157.79719733
817.638179456 8135.67033374
814.201880154 8113.49668369
810.816738066 8091.28077126
807.461888763 8069.02712054
804.116467817 8046.74025562
800.759610797 8024.42470057
797.370453275 8002.08497947
793.928130821 7979.72561642
790.411779006 7957.35113549
786.800533401 7934.96606077
783.073529576 7912.57491633
779.209903103 7890.18222627
775.188789552 7867.79251466
770.993222043 7845.41042342
766.708260809 7823.04367895
762.528387472 7800.70331571
758.653462327 7778.40053075
755.28334567 7756.14652112
752.617897793 7733.95248389
750.856978994 7711.82961611
750.200449565 7689.78911483
750.848169802 7667.8421771
753.0 7646.0
